Failure_ID	ID	BreakDate	BreakYear	SourceTxt_ID	Material	InstallYear	Age	RR_Diameter	Length(ft)	OrgDiameter	OrgMaterial	OrgInstallYear	Status	BreakAge
444	42	00:00.0	2018	NULL	CI	1972	53	6	1736.48	6	Cast Iron	1905	1	46
296	130	00:00.0	2015	NULL	DI	1980	45	10	1001.43	10	CI	1905	1	35
65	137	00:00.0	2021	100141	PVC900	1999	26	8	449.08	8	PVC900	1905	1	22
402	139	00:00.0	2018	NULL	PVC	1999	26	8	2102.62	8	NULL	1905	1	19
468	197	00:00.0	2019	NULL	PVC	1997	28	8	903.45	8	NULL	1905	1	22
314	242	00:00.0	2016	NULL	PVC900	1997	28	8	562.58	8	PVC900	1905	1	19
209	266	00:00.0	2014	NULL	PVC900	1999	26	8	678.18	8	PVC900	1905	1	15
139	268	00:00.0	2020	100273	PVC900	1999	26	6	334.63	6	PVC900	1905	1	21
267	313	00:00.0	2015	NULL	PVC	1982	43	8	312.46	8	NULL	1905	1	33
160	315	00:00.0	2013	NULL	PVC	1982	43	8	357.38	8	NULL	1905	1	31
121	319	00:00.0	2022	100327	DI	1986	39	12	5134	12	DI	1900	1	36
14	319	00:00.0	2020	100327	DI	1986	39	12	5134	12	DI	1900	1	34
76	344	00:00.0	2021	100358	PVC900	1983	42	10	2588.55	10	PVC900	1905	1	38
280	344	00:00.0	2015	NULL	PVC900	1983	42	10	2588.55	10	PVC900	1905	1	32
124	387	00:00.0	2022	100401	PVC900	2003	22	8	315.4	8	PVC900	1905	1	19
183	404	00:00.0	2014	NULL	PVC	1985	40	6	1715.81	6	NULL	1905	1	29
214	416	00:00.0	2014	NULL	DI	1982	43	6	2874.87	6	Ductile Iron	1905	1	32
236	416	00:00.0	2014	NULL	DI	1982	43	6	2874.87	6	Ductile Iron	1905	1	32
298	417	00:00.0	2015	NULL	DI	1982	43	6	419.36	6	Ductile Iron	1905	1	33
437	418	00:00.0	2018	NULL	PVC	1999	26	8	1040.71	8	NULL	1905	1	19
140	426	00:00.0	2020	100441	PVC	1992	33	6	1942	6	NULL	1905	1	28
349	431	00:00.0	2016	NULL	CI	1970	55	6	1564.69	6	NULL	1905	1	46
385	436	00:00.0	2017	NULL	CI	1971	54	6	166.38	6	NULL	1905	1	46
255	436	00:00.0	2015	NULL	CI	1971	54	6	166.38	6	NULL	1905	1	44
347	437	00:00.0	2016	NULL	CI	1971	54	6	351.01	6	NULL	1905	1	45
293	438	00:00.0	2015	NULL	CI	1971	54	4	518.12	4	NULL	1905	1	44
300	438	00:00.0	2016	NULL	CI	1971	54	4	518.12	4	NULL	1905	1	45
414	439	00:00.0	2018	NULL	PVC	1975	50	8	3513.51	8	NULL	1905	1	43
207	460	00:00.0	2014	NULL	PVC160	1990	35	2	1579.45	2	PVC160	1905	0	24
191	464	00:00.0	2014	NULL	PVC160	2006	19	1.5	3383.56	1.5	PVC160	1905	0	8
397	479	00:00.0	2018	NULL	DI	1970	55	8	2401.09	8	PVC	1905	1	48
386	487	00:00.0	2017	NULL	PVC900	1994	31	8	1589.05	8	PVC900	1905	1	23
308	487	00:00.0	2016	NULL	PVC900	1994	31	8	1589.05	8	PVC900	1905	1	22
185	492	00:00.0	2014	NULL	DI	1996	29	8	551.34	8	DI	1905	1	18
279	492	00:00.0	2015	NULL	DI	1996	29	8	551.34	8	DI	1905	1	19
38	526	00:00.0	2020	100552	PVC200	1985	40	6	207.16	6	PVC200	1905	1	35
220	528	00:00.0	2014	NULL	PVC	1986	39	6	785.25	6	PVC	1905	1	28
70	555	00:00.0	2021	100581	PVC200	1985	40	8	1971.1	8	PVC200	1905	1	36
348	555	00:00.0	2016	NULL	PVC200	1985	40	8	1971.1	8	PVC200	1905	1	31
352	555	00:00.0	2016	NULL	PVC200	1985	40	8	1971.1	8	PVC200	1905	1	31
362	556	00:00.0	2017	NULL	PVC	1985	40	6	1715.69	6	PVC	1905	1	32
422	565	00:00.0	2018	NULL	PVC	1985	40	6	537.17	6	PVC	1905	1	33
127	573	00:00.0	2022	100599	PVC900	1997	28	8	1592.04	8	PVC900	1900	1	25
239	580	00:00.0	2014	NULL	PVC	1985	40	6	645.53	6	PVC	1905	1	29
337	616	00:00.0	2016	NULL	PVC	1981	44	8	1048.64	8	NULL	1905	1	35
439	640	00:00.0	2018	NULL	PVC	1983	42	8	392.08	8	NULL	1905	1	35
304	663	00:00.0	2016	NULL	CI	1973	52	6	2486.71	6	NULL	1905	1	43
409	704	00:00.0	2018	NULL	PVC200	1986	39	8	4119.19	8	PVC200	1905	1	32
217	704	00:00.0	2014	NULL	PVC200	1986	39	8	4119.19	8	PVC200	1905	1	28
137	704	00:00.0	2022	100732	PVC200	1986	39	8	4119.19	8	PVC200	1905	1	36
69	710	00:00.0	2021	100738	PVC200	1977	48	6	3666.1	6	PVC200	1905	1	44
247	710	00:00.0	2014	NULL	PVC200	1977	48	6	3666.1	6	PVC200	1905	1	37
205	710	00:00.0	2014	NULL	PVC200	1977	48	6	3666.1	6	PVC200	1905	1	37
384	723	00:00.0	2017	NULL	PVC	1976	49	6	333.71	6	NULL	1905	1	41
312	727	00:00.0	2016	NULL	CI	1974	51	6	570.26	6	NULL	1905	1	42
96	727	00:00.0	2021	100755	CI	1974	51	6	570.26	6	NULL	1905	1	47
48	728	00:00.0	2021	100756	CI	1972	53	6	1284.12	6	CI	1905	1	49
49	728	00:00.0	2021	100756	CI	1972	53	6	1284.12	6	CI	1905	1	49
167	728	00:00.0	2013	NULL	CI	1972	53	6	1284.12	6	CI	1905	1	41
313	734	00:00.0	2016	NULL	CI	1973	52	6	509.07	6	NULL	1905	1	43
311	734	00:00.0	2016	NULL	CI	1973	52	6	509.07	6	NULL	1905	1	43
401	737	00:00.0	2018	NULL	CI	1973	52	8	328.81	8	NULL	1905	1	45
355	738	00:00.0	2017	NULL	CI	1973	52	6	376.52	6	NULL	1905	1	44
391	739	00:00.0	2017	NULL	CI	1973	52	6	331.71	6	NULL	1905	1	44
178	743	00:00.0	2014	NULL	CI	1973	52	6	252.02	6	NULL	1905	1	41
165	744	00:00.0	2013	NULL	CI	1973	52	6	543.65	6	NULL	1905	1	40
442	744	00:00.0	2018	NULL	CI	1973	52	6	543.65	6	NULL	1905	1	45
107	746	00:00.0	2022	100775	CI	1973	52	3	325.65	3	CI	1905	1	49
282	795	00:00.0	2015	NULL	PVC	1983	42	6	564.35	6	PVC	1900	1	32
283	796	00:00.0	2015	NULL	PVC	1983	42	6	379.76	6	PVC	1900	1	32
459	826	00:00.0	2019	NULL	PVC900	1996	29	6	473.74	6	PVC900	1900	1	23
301	827	00:00.0	2016	NULL	PVC	1990	35	4	104.42	4	PVC	1900	1	26
198	836	00:00.0	2014	NULL	PVC900	1998	27	8	202.64	8	PVC900	1900	1	16
34	837	00:00.0	2020	100866	PVC900	1991	34	6	714.54	6	PVC900	1900	1	29
132	851	00:00.0	2022	100880	PVC	1992	33	4	217.73	4	PVC	1900	1	30
460	856	00:00.0	2019	NULL	CI	1974	51	6	1095.93	6	NULL	1905	1	45
438	862	00:00.0	2018	NULL	PVC	1976	49	6	313.35	6	NULL	1905	1	42
361	862	00:00.0	2017	NULL	PVC	1976	49	6	313.35	6	NULL	1905	1	41
229	864	00:00.0	2014	NULL	CI	1973	52	3	308.38	3	NULL	1905	1	41
342	869	00:00.0	2016	NULL	CI	1973	52	4	217.23	4	NULL	1905	1	43
383	870	00:00.0	2017	NULL	PVC	1976	49	3	422.86	3	NULL	1905	1	41
390	873	00:00.0	2017	NULL	PVC	1976	49	3	193.66	3	NULL	1905	1	41
446	873	00:00.0	2018	NULL	PVC	1976	49	3	193.66	3	NULL	1905	1	42
331	874	00:00.0	2016	NULL	PVC	1976	49	3	382.19	3	NULL	1905	1	40
170	875	00:00.0	2013	NULL	PVC	1978	47	6	793.34	6	NULL	1905	1	35
46	880	00:00.0	2020	100910	CI	1973	52	4	330.2	4	CI	1905	1	47
42	890	00:00.0	2020	100920	CI	1973	52	3	211.14	3	CI	1900	1	47
403	891	00:00.0	2018	NULL	CI	1973	52	6	1181.65	6	Cast Iron	1900	1	45
176	894	00:00.0	2014	NULL	CI	1973	52	4	56.67	4	Cast Iron	1900	1	41
393	898	00:00.0	2017	NULL	CI	1972	53	8	840.95	8	Cast Iron	1900	1	45
175	903	00:00.0	2014	NULL	CI	1972	53	3	303.84	3	Cast Iron	1900	1	42
97	904	00:00.0	2021	100934	CI	1972	53	3	387.59	3	Cast Iron	1900	1	49
453	904	00:00.0	2018	NULL	CI	1972	53	3	387.59	3	Cast Iron	1900	1	46
356	906	00:00.0	2017	NULL	CI	1972	53	3	331.83	3	Cast Iron	1900	1	45
291	913	00:00.0	2015	NULL	CI	1972	53	3	352.31	3	Cast Iron	1900	1	43
451	920	00:00.0	2018	NULL	PVC	1975	50	8	1607.03	8	NULL	1905	1	43
122	929	00:00.0	2022	100961	PVC900	1995	30	8	1503.25	8	PVC900	1900	1	27
276	948	00:00.0	2015	NULL	PVC	1981	44	6	1126.78	6	NULL	1905	1	34
262	949	00:00.0	2015	NULL	PVC	1981	44	6	1572.43	6	NULL	1905	1	34
295	949	00:00.0	2015	NULL	PVC	1981	44	6	1572.43	6	NULL	1905	1	34
316	957	00:00.0	2016	NULL	PVC	1995	30	6	699.79	6	NULL	1900	1	21
179	967	00:00.0	2014	NULL	PVC	1984	41	6	658.69	6	PVC	1900	1	30
103	976	00:00.0	2022	101008	PVC200	1985	40	6	428.33	6	PVC200	1900	1	37
234	988	00:00.0	2014	NULL	PVC	1983	42	6	825.01	6	PVC	1900	1	31
115	1005	00:00.0	2022	101037	PVC200	1985	40	6	398.21	6	PVC200	1900	1	37
200	1028	00:00.0	2014	NULL	PVC200	1984	41	2	357.69	2	PVC200	1900	0	30
156	1030	00:00.0	2013	NULL	PVC200	1984	41	2	501.56	2	PVC200	1900	0	29
406	1034	00:00.0	2018	NULL	PVC	1990	35	8	1174.84	8	PVC	1900	1	28
329	1035	00:00.0	2016	NULL	PVC	1990	35	6	607.74	6	PVC	1900	1	26
335	1041	00:00.0	2016	NULL	PVC200	1985	40	8	2054.24	8	PVC200	1905	1	31
51	1044	00:00.0	2021	101076	DI	1978	47	6	677.82	6	CI	1905	1	43
204	1062	00:00.0	2014	NULL	PVC900	1999	26	8	443.29	8	PVC900	1900	1	15
486	1100	00:00.0	2019	NULL	PVC	1979	46	6	1180.3	6	NULL	1905	1	40
445	1160	00:00.0	2018	NULL	PVC200	1981	44	6	1590.86	6	PVC200	1900	1	37
290	1160	00:00.0	2015	NULL	PVC200	1981	44	6	1590.86	6	PVC200	1900	1	34
419	1160	00:00.0	2018	NULL	PVC200	1981	44	6	1590.86	6	PVC200	1900	1	37
27	1160	00:00.0	2020	101193	PVC200	1981	44	6	1590.86	6	PVC200	1900	1	39
23	1160	00:00.0	2020	101193	PVC200	1981	44	6	1590.86	6	PVC200	1900	1	39
72	1195	00:00.0	2021	101228	PVC200	1995	30	8	969.7	8	PVC200	1900	1	26
102	1206	00:00.0	2022	101239	PVC900	2000	25	6	500.42	6	PVC900	1900	1	22
186	1229	00:00.0	2014	NULL	PVC200	1985	40	6	2051.21	6	PVC200	1905	1	29
285	1229	00:00.0	2015	NULL	PVC200	1985	40	6	2051.21	6	PVC200	1905	1	30
371	1229	00:00.0	2017	NULL	PVC200	1985	40	6	2051.21	6	PVC200	1905	1	32
472	1229	00:00.0	2019	NULL	PVC200	1985	40	6	2051.21	6	PVC200	1905	1	34
467	1319	00:00.0	2019	NULL	PVC	2001	24	8	382.96	8	PVC	1900	1	18
464	1319	00:00.0	2019	NULL	PVC	2001	24	8	382.96	8	PVC	1900	1	18
92	1327	00:00.0	2021	101362	CI	1971	54	6	160.92	6	CI	1905	1	50
19	1332	00:00.0	2020	101367	PVC200	1983	42	6	1562.47	6	PVC200	1905	1	37
194	1339	00:00.0	2014	NULL	DI	1982	43	6	2282.19	6	Ductile Iron	1905	1	32
215	1339	00:00.0	2014	NULL	DI	1982	43	6	2282.19	6	Ductile Iron	1905	1	32
197	1339	00:00.0	2014	NULL	DI	1982	43	6	2282.19	6	Ductile Iron	1905	1	32
180	1339	00:00.0	2014	NULL	DI	1982	43	6	2282.19	6	Ductile Iron	1905	1	32
211	1347	00:00.0	2014	NULL	PVC	1979	46	8	2803.22	8	NULL	1905	1	35
396	1347	00:00.0	2017	NULL	PVC	1979	46	8	2803.22	8	NULL	1905	1	38
135	1430	00:00.0	2022	101466	PVC	1986	39	12	1386.27	12	PVC	1900	1	36
266	1436	00:00.0	2015	NULL	DI	2011	14	6	856.89	6	Ductile Iron	1900	1	4
474	1444	00:00.0	2019	NULL	PVC	1995	30	8	778.65	8	NULL	1900	1	24
457	1474	00:00.0	2018	NULL	PVC900	1999	26	8	581.38	8	PVC900	1905	1	19
452	1474	00:00.0	2018	NULL	PVC900	1999	26	8	581.38	8	PVC900	1905	1	19
206	1484	00:00.0	2014	NULL	PVC	1978	47	6	162.04	6	PVC	1900	1	36
162	1519	00:00.0	2013	NULL	PVC	1984	41	6	67.36	6	PVC	1905	1	29
370	1525	00:00.0	2017	NULL	PVC900	1979	46	10	3830.86	10	PVC900	1905	1	38
294	1575	00:00.0	2015	NULL	CI	1974	51	8	261.29	8	NULL	1905	1	41
78	1579	00:00.0	2021	101616	CI	1974	51	6	257.71	6	CI	1905	1	47
244	1582	00:00.0	2014	NULL	CI	1974	51	8	518.67	8	NULL	1905	1	40
250	1588	00:00.0	2014	NULL	CI	1973	52	8	378.8	8	NULL	1905	1	41
458	1589	00:00.0	2018	NULL	CI	1973	52	8	815.83	8	NULL	1905	1	45
382	1591	00:00.0	2017	NULL	CI	1973	52	8	1467.53	8	CI	1905	1	44
53	1591	00:00.0	2021	101628	CI	1973	52	8	1467.53	8	CI	1905	1	48
479	1604	00:00.0	2019	NULL	PVC	1981	44	8	414.65	8	NULL	1905	1	38
379	1607	00:00.0	2017	NULL	PVC	1980	45	6	408.67	6	NULL	1900	1	37
398	1608	00:00.0	2018	NULL	DI	1979	46	12	1987.99	12	Ductile Iron	1905	1	39
465	1611	00:00.0	2019	NULL	PVC	1983	42	6	329.77	6	PVC	1900	1	36
372	1652	00:00.0	2017	NULL	PVC	1993	32	8	800.33	8	PVC	1900	1	24
93	1684	00:00.0	2022	101722	CI	1972	53	8	218.05	8	CI	1900	1	50
106	1684	00:00.0	2022	101722	CI	1972	53	8	218.05	8	CI	1900	1	50
345	1702	00:00.0	2016	NULL	CI	1972	53	8	191.47	8	Cast Iron	1900	1	44
226	1728	00:00.0	2014	NULL	DI	1974	51	6	2675.6	6	PVC	1905	1	40
40	1742	00:00.0	2020	101781	CI	1976	49	8	652.95	8	CI	1905	1	44
305	1754	00:00.0	2016	NULL	PVC	1981	44	4	269.1	4	PVC	1905	1	35
435	1756	00:00.0	2018	NULL	PVC	1981	44	8	1225.61	8	NULL	1905	1	37
172	1757	00:00.0	2013	NULL	PVC	1981	44	6	1043.73	6	PVC	1905	1	32
354	1784	00:00.0	2017	NULL	PVC900	1992	33	8	2292.77	8	PVC900	1900	1	25
202	1812	00:00.0	2014	NULL	PVC	2002	23	8	1757.6	8	PVC	1900	1	12
192	1815	00:00.0	2014	NULL	PVC	2002	23	8	395.31	8	PVC	1900	1	12
327	1939	00:00.0	2016	NULL	CI	1974	51	6	1346.95	6	NULL	1900	1	42
489	1953	00:00.0	2019	NULL	PVC	1985	40	6	816.48	6	PVC	1900	1	34
412	1964	00:00.0	2018	NULL	PVC	1987	38	6	649.87	6	PVC	1900	1	31
13	1991	00:00.0	2020	102033	PVC900	1998	27	8	604.36	8	PVC900	1900	1	22
190	2005	00:00.0	2014	NULL	PVC	1994	31	6	626.19	6	PVC	1900	1	20
271	2052	00:00.0	2015	NULL	PVC	1987	38	6	417.65	6	PVC	1900	1	28
416	2078	00:00.0	2018	NULL	PVC900	2005	20	8	2229.13	8	PVC900	1900	1	13
161	2147	00:00.0	2013	NULL	PVC	1985	40	6	1040.34	6	PVC	1900	1	28
55	2168	00:00.0	2021	102210	PVC	1981	44	6	475.51	6	PVC	1900	1	40
343	2169	00:00.0	2016	NULL	PVC	1981	44	4	267.21	4	NULL	1900	1	35
164	2202	00:00.0	2013	NULL	CI	1973	52	6	1251.77	6	Cast Iron	1900	1	40
322	2206	00:00.0	2016	NULL	CI	1973	52	4	481.22	4	NULL	1900	1	43
376	2252	00:00.0	2017	NULL	PVC900	1982	43	6	312.4	6	PVC900	1905	1	35
315	2271	00:00.0	2016	NULL	PVC	1989	36	8	1658.92	8	PVC	1905	1	27
289	2273	00:00.0	2015	NULL	PVC	1989	36	8	876.71	8	PVC	1905	1	26
188	2279	00:00.0	2014	NULL	PVC	1998	27	10	1177.27	10	NULL	1905	1	16
461	2310	00:00.0	2019	NULL	CI	1972	53	6	170.83	6	CI	1905	1	47
297	2311	00:00.0	2015	NULL	CI	1972	53	6	275.3	6	CI	1905	1	43
277	2319	00:00.0	2015	NULL	PVC200	1983	42	6	518.76	6	PVC200	1905	1	32
89	2319	00:00.0	2021	102373	PVC200	1983	42	6	518.76	6	PVC200	1905	1	38
62	2333	00:00.0	2021	102387	DI	1979	46	4	152.68	4	CI	1905	1	42
242	2333	00:00.0	2014	NULL	DI	1979	46	4	152.68	4	CI	1905	1	35
375	2342	00:00.0	2017	NULL	PVC	1980	45	8	1916.3	8	NULL	1905	1	37
258	2351	00:00.0	2015	NULL	PVC	1976	49	6	361.64	6	NULL	1905	1	39
4	2352	00:00.0	2020	102406	CI	1976	49	4	411.41	4	CI	1905	1	44
153	2359	00:00.0	2020	102413	DI	1995	30	16	1496.23	16	Ductile Iron	1900	1	25
248	2361	00:00.0	2014	NULL	CI	1968	57	8	1236.74	8	NULL	1905	1	46
420	2363	00:00.0	2018	NULL	PVC	1983	42	2	372.54	2	NULL	1900	0	35
260	2380	00:00.0	2015	NULL	CI	1964	61	6	1458.2	6	Cast Iron	1905	1	51
2	2380	30:54.0	2020	102436	CI	1964	61	6	1458.2	6	Cast Iron	1905	1	56
237	2382	00:00.0	2014	NULL	CI	1971	54	6	710.33	6	Cast Iron	1905	1	43
399	2389	00:00.0	2018	NULL	CI	1962	63	6	309.79	6	Cast Iron	1905	1	56
113	2392	00:00.0	2022	102458	CI	1962	63	2	1040.76	2	CI	1905	0	60
246	2397	00:00.0	2014	NULL	CI	1962	63	6	342.58	6	Cast Iron	1905	1	52
473	2400	00:00.0	2019	NULL	PVC	1982	43	8	868.77	8	NULL	1905	1	37
447	2416	00:00.0	2018	NULL	CI	1968	57	8	351.94	8	NULL	1905	1	50
469	2418	00:00.0	2019	NULL	CI	1970	55	6	940.13	6	NULL	1905	1	49
455	2422	00:00.0	2018	NULL	PVC200	1978	47	6	1048.95	6	PVC200	1905	1	40
275	2422	00:00.0	2015	NULL	PVC200	1978	47	6	1048.95	6	PVC200	1905	1	37
11	2422	00:00.0	2020	102490	PVC200	1978	47	6	1048.95	6	PVC200	1905	1	42
8	2424	00:00.0	2020	102492	PVC200	1977	48	8	1710.29	8	PVC200	1905	1	43
36	2424	00:00.0	2020	102492	PVC200	1977	48	8	1710.29	8	PVC200	1905	1	43
251	2425	00:00.0	2014	NULL	PVC	1977	48	6	413.17	6	NULL	1905	1	37
181	2428	00:00.0	2014	NULL	PVC	1977	48	6	604.33	6	NULL	1905	1	37
287	2430	00:00.0	2015	NULL	PVC	1995	30	6	960.99	6	NULL	1905	1	20
54	2435	00:00.0	2021	102503	CI	1972	53	2	308.58	2	CI	1905	0	49
395	2446	00:00.0	2017	NULL	CI	1972	53	3	366.52	3	NULL	1905	1	45
381	2446	00:00.0	2017	NULL	CI	1972	53	3	366.52	3	NULL	1905	1	45
18	2463	00:00.0	2020	102531	PVC900	1993	32	8	359.9	8	PVC900	1905	1	27
235	2478	00:00.0	2014	NULL	CI	1972	53	3	189.54	3	CI	1905	1	42
157	2478	00:00.0	2013	NULL	CI	1972	53	3	189.54	3	CI	1905	1	41
253	2560	00:00.0	2014	NULL	CI	1971	54	2	1797.48	2	NULL	1905	0	43
450	2568	00:00.0	2018	NULL	PVC	1980	45	10	3573.23	10	NULL	1905	1	38
332	2579	00:00.0	2016	NULL	DI	1993	32	10	2138.21	10	CI	1905	1	23
344	2579	00:00.0	2016	NULL	DI	1993	32	10	2138.21	10	CI	1905	1	23
90	2579	00:00.0	2021	102657	DI	1993	32	10	2138.21	10	CI	1905	1	28
303	2581	00:00.0	2016	NULL	PVC	1983	42	6	233.4	6	PVC	1900	1	33
487	2595	00:00.0	2019	NULL	PVC	1997	28	6	61.54	6	NULL	1905	1	22
374	2606	00:00.0	2017	NULL	PVC	1993	32	10	1197.2	10	NULL	1905	1	24
336	2622	00:00.0	2016	NULL	CI	1974	51	6	1919.67	6	NULL	1905	1	42
427	2657	00:00.0	2018	NULL	PVC	1993	32	6	633.9	6	PVC	1905	1	25
440	2661	00:00.0	2018	NULL	PVC	1981	44	8	1233.1	8	NULL	1905	1	37
47	2666	00:00.0	2021	102746	PVC200	1979	46	8	1132.3	8	PVC200	1905	1	42
163	2672	00:00.0	2013	NULL	PVC	1983	42	6	1590.65	6	PVC	1905	1	30
208	2674	00:00.0	2014	NULL	PVC	1982	43	2	2443.02	2	NULL	1905	0	32
413	2674	00:00.0	2018	NULL	PVC	1982	43	2	2443.02	2	NULL	1905	0	36
471	2696	00:00.0	2019	NULL	PVC900	1995	30	8	1875.53	8	PVC900	1905	1	24
171	2706	00:00.0	2013	NULL	PVC900	2001	24	8	1287.18	8	PVC900	1900	1	12
364	2733	00:00.0	2017	NULL	PVC900	2005	20	8	1252.91	8	PVC900	1900	1	12
321	2733	00:00.0	2016	NULL	PVC900	2005	20	8	1252.91	8	PVC900	1900	1	11
223	2737	00:00.0	2014	NULL	DI	1988	37	8	1376.66	8	CI	1905	1	26
6	2737	00:00.0	2020	102819	DI	1988	37	8	1376.66	8	CI	1905	1	32
184	2741	00:00.0	2014	NULL	PVC	2003	22	8	1391.46	8	PVC	1900	1	11
15	2773	00:00.0	2022	102855	PVC200	1985	40	6	2766.82	6	PVC200	1900	1	37
83	2777	00:00.0	2021	102859	PVC200	1979	46	6	4438.53	6	PVC200	1900	1	42
77	2777	00:00.0	2021	102859	PVC200	1979	46	6	4438.53	6	PVC200	1900	1	42
249	2777	00:00.0	2014	NULL	PVC200	1979	46	6	4438.53	6	PVC200	1900	1	35
421	2777	00:00.0	2018	NULL	PVC200	1979	46	6	4438.53	6	PVC200	1900	1	39
432	2777	00:00.0	2018	NULL	PVC200	1979	46	6	4438.53	6	PVC200	1900	1	39
404	2781	00:00.0	2018	NULL	PVC	1980	45	8	3167.88	8	PVC	1900	1	38
196	2786	00:00.0	2014	NULL	PVC	1976	49	6	693.28	6	NULL	1900	1	38
17	2793	00:00.0	2022	102875	PVC200	1984	41	4	318.14	4	PVC200	1900	1	38
1	2814	00:33.0	2022	102896	PVC200	1990	35	8	1008.75	8	PVC200	1900	1	32
117	2814	00:00.0	2022	102896	PVC200	1990	35	8	1008.75	8	PVC200	1900	1	32
259	2834	00:00.0	2015	NULL	PVC	1990	35	8	603.81	8	PVC	1900	1	25
25	2841	00:00.0	2020	102923	PVC900	1991	34	8	1089.46	8	PVC900	1900	1	29
443	2881	00:00.0	2018	NULL	PVC900	2005	20	8	962.66	8	PVC900	1900	1	13
88	2920	00:00.0	2021	103003	CI	1971	54	6	1207.07	6	CI	1905	1	50
475	2960	00:00.0	2019	NULL	PVC900	1986	39	6	1304.18	6	PVC900	1905	1	33
405	2977	00:00.0	2018	NULL	PVC900	1986	39	6	806.78	6	PVC900	1905	1	32
269	3015	00:00.0	2015	NULL	PVC900	1976	49	6	2022.41	6	PVC900	1905	1	39
114	3022	00:00.0	2022	103107	CI	1972	53	6	444.6	6	CI	1905	1	50
338	3025	00:00.0	2016	NULL	CI	1972	53	6	531.56	6	Cast Iron	1905	1	44
485	3025	00:00.0	2019	NULL	CI	1972	53	6	531.56	6	Cast Iron	1905	1	47
389	3028	00:00.0	2017	NULL	CI	1972	53	6	469.97	6	Cast Iron	1905	1	45
243	3028	00:00.0	2014	NULL	CI	1972	53	6	469.97	6	Cast Iron	1905	1	42
219	3029	00:00.0	2014	NULL	CI	1972	53	6	1088.76	6	Cast Iron	1905	1	42
317	3029	00:00.0	2016	NULL	CI	1972	53	6	1088.76	6	Cast Iron	1905	1	44
152	3039	00:00.0	2022	103124	PVC200	1987	38	8	459.8	8	PVC200	1900	1	35
213	3042	00:00.0	2014	NULL	PVC	1987	38	6	490	6	PVC	1900	1	27
155	3067	00:00.0	2013	NULL	PVC200	1998	27	2	865.51	2	PVC200	1905	0	15
7	3067	00:00.0	2020	103152	PVC200	1998	27	2	865.51	2	PVC200	1905	0	22
228	3097	00:00.0	2014	NULL	PVC	1975	50	6	584.48	6	NULL	1905	1	39
212	3100	00:00.0	2014	NULL	CI	1960	65	2	1909.07	2	PVC	1905	0	54
341	3100	00:00.0	2016	NULL	CI	1960	65	2	1909.07	2	PVC	1905	0	56
306	3118	00:00.0	2016	NULL	CI	1973	52	6	1131.17	6	Cast Iron	1905	1	43
476	3120	00:00.0	2019	NULL	PVC	1977	48	6	1398.55	6	PVC	1905	1	42
448	3123	00:00.0	2018	NULL	PVC	1977	48	6	2181.59	6	PVC	1905	1	41
334	3131	00:00.0	2016	NULL	DI	1974	51	6	1244.9	6	PVC	1905	1	42
330	3144	00:00.0	2016	NULL	PVC	1977	48	6	551.31	6	PVC	1905	1	39
339	3167	00:00.0	2016	NULL	CI	1974	51	6	1535.63	6	CI	1905	1	42
387	3167	00:00.0	2017	NULL	CI	1974	51	6	1535.63	6	CI	1905	1	43
108	3167	00:00.0	2022	103252	CI	1974	51	6	1535.63	6	CI	1905	1	48
325	3168	00:00.0	2016	NULL	DI	1974	51	6	330.57	6	PVC900	1905	1	42
91	3176	00:00.0	2021	103261	CI	1974	51	6	936.74	6	CI	1905	1	47
324	3219	00:00.0	2016	NULL	PVC	1986	39	8	1247.33	8	PVC	1905	1	30
257	3220	00:00.0	2015	NULL	PVC	1986	39	8	1331.01	8	PVC	1905	1	29
118	3254	00:00.0	2022	103341	DI	1974	51	6	638.21	6	PVC200	1905	1	48
426	3260	00:00.0	2018	NULL	PVC	1984	41	8	1675.05	8	NULL	1905	1	34
79	3283	00:00.0	2021	103370	PVC200	1983	42	8	1245.34	8	PVC200	1905	1	38
30	3283	00:00.0	2020	103370	PVC200	1983	42	8	1245.34	8	PVC200	1905	1	37
318	3285	00:00.0	2016	NULL	PVC	1981	44	8	1646.81	8	NULL	1905	1	35
31	3297	00:00.0	2020	103384	PVC200	1995	30	6	787.31	6	PVC200	1905	1	25
484	3341	00:00.0	2019	NULL	DI	1972	53	12	1065.34	12	DUCTILE IRON	1905	1	47
136	3343	00:00.0	2022	103431	PVC200	1987	38	8	1110.77	8	PVC200	1905	1	35
218	3343	00:00.0	2014	NULL	PVC200	1987	38	8	1110.77	8	PVC200	1905	1	27
462	3350	00:00.0	2019	NULL	PVC	1984	41	6	303.84	6	PVC	1905	1	35
230	3355	00:00.0	2014	NULL	CI	1970	55	2	962.56	2	Cast Iron	1905	0	44
84	3371	00:00.0	2021	103463	DI	1995	30	6	573.4	6	CI	1905	1	26
80	3385	00:00.0	2021	103477	PVC200	1983	42	6	467.33	6	PVC200	1905	1	38
33	3385	00:00.0	2020	103477	PVC200	1983	42	6	467.33	6	PVC200	1905	1	37
231	3385	00:00.0	2014	NULL	PVC200	1983	42	6	467.33	6	PVC200	1905	1	31
436	3386	00:00.0	2018	NULL	PVC	1983	42	6	538.9	6	PVC	1905	1	35
357	3386	00:00.0	2017	NULL	PVC	1983	42	6	538.9	6	PVC	1905	1	34
32	3427	00:00.0	2022	103520	DI	1974	51	2	682.43	2	PVC	1905	0	48
252	3448	00:00.0	2014	NULL	PVC	1993	32	6	658.26	6	PVC	1905	1	21
441	3459	00:00.0	2018	NULL	PVC	1994	31	8	3060.68	8	PVC	1905	1	24
425	3460	00:00.0	2018	NULL	PVC	1995	30	6	518.45	6	PVC	1905	1	23
126	3469	00:00.0	2022	103562	PVC900	1987	38	6	587.93	6	PVC900	1905	1	35
359	3474	00:00.0	2017	NULL	DI	1970	55	6	152.97	6	PVC200	1905	1	47
456	3476	00:00.0	2018	NULL	DI	1972	53	2	1455.73	2	PVC	1905	0	46
281	3476	00:00.0	2015	NULL	DI	1972	53	2	1455.73	2	PVC	1905	0	43
346	3478	00:00.0	2016	NULL	PVC	1985	40	6	422.65	6	PVC	1900	1	31
173	3489	00:00.0	2013	NULL	PVC	1985	40	6	353.74	6	PVC	1900	1	28
368	3571	00:00.0	2017	NULL	PVC	1980	45	6	2292.47	6	PVC	1900	1	37
299	3580	00:00.0	2015	NULL	PVC	1980	45	6	1115.37	6	PVC	1900	1	35
470	3582	00:00.0	2019	NULL	PVC200	1983	42	8	1047.86	8	PVC200	1905	1	36
44	3582	00:00.0	2020	103678	PVC200	1983	42	8	1047.86	8	PVC200	1905	1	37
480	3583	00:00.0	2019	NULL	DI	1973	52	8	1968.94	8	PVC	1905	1	46
360	3588	00:00.0	2017	NULL	DI	1982	43	6	277.22	6	Ductile Iron	1905	1	35
75	3591	00:00.0	2021	103688	PVC200	1978	47	8	3552.08	8	PVC200	1905	1	43
233	3594	00:00.0	2014	NULL	PVC	1979	46	6	433.01	6	PVC	1905	1	35
52	3596	00:00.0	2021	103693	PVC200	1979	46	6	926.48	6	PVC200	1905	1	42
434	3759	00:00.0	2018	NULL	PVC900	1988	37	6	8.2	6	PVC900	1905	1	30
328	3796	00:00.0	2016	NULL	PVC900	1988	37	8	348.46	8	PVC900	1905	1	28
240	3796	00:00.0	2014	NULL	PVC900	1988	37	8	348.46	8	PVC900	1905	1	26
74	3939	00:00.0	2021	104038	PVC200	1987	38	8	136.16	8	PVC200	1905	1	34
320	3961	00:00.0	2016	NULL	PVC	1987	38	6	76.61	6	NULL	1905	1	29
134	3967	00:00.0	2022	104066	PVC	1987	38	6	17.98	6	NULL	1905	1	35
35	4092	00:00.0	2020	104191	PVC200	1989	36	8	104.52	8	PVC200	1905	1	31
45	4111	00:00.0	2020	104210	PVC200	1989	36	6	82.54	6	PVC200	1905	1	31
128	4250	00:00.0	2022	104349	PVC900	1992	33	12	423.24	12	PVC900	1905	1	30
270	4250	00:00.0	2015	NULL	PVC900	1992	33	12	423.24	12	PVC900	1905	1	23
319	4250	00:00.0	2016	NULL	PVC900	1992	33	12	423.24	12	PVC900	1905	1	24
24	4270	00:00.0	2020	104369	PVC900	1996	29	8	114.05	8	PVC900	1905	1	24
104	4295	00:00.0	2022	104394	PVC900	1994	31	10	3536.39	10	PVC900	1905	1	28
101	4295	00:00.0	2022	104394	PVC900	1994	31	10	3536.39	10	PVC900	1905	1	28
56	4321	00:00.0	2022	104420	DI	1987	38	8	1332.92	8	DI	1905	1	35
21	4335	00:00.0	2020	104434	PVC200	1987	38	8	521.17	8	PVC200	1905	1	33
256	4408	00:00.0	2015	NULL	PVC	1988	37	6	248.34	6	NULL	1905	1	27
466	4484	00:00.0	2019	NULL	PVC900	1984	41	8	929.69	8	PVC900	1905	1	35
274	4633	00:00.0	2015	NULL	PVC	1988	37	6	233.44	6	NULL	1905	1	27
483	4655	00:00.0	2019	NULL	PVC	1987	38	6	204.76	6	NULL	1905	1	32
28	4678	00:00.0	2020	104780	PVC900	1993	32	8	172.14	8	PVC900	1905	1	27
302	4682	00:00.0	2016	NULL	DI	1993	32	8	228.22	8	DI	1905	1	23
350	4764	00:00.0	2016	NULL	DI	1972	53	12	2353.29	12	PVC	1905	1	44
10	4790	00:00.0	2022	104892	PVC200	1977	48	6	988.8	6	PVC200	1905	1	45
193	4790	00:00.0	2014	NULL	PVC200	1977	48	6	988.8	6	PVC200	1905	1	37
129	4873	00:00.0	2022	104979	PVC200	1982	43	8	3316.88	8	PVC200	1905	1	40
377	4874	00:00.0	2017	NULL	DI	1982	43	8	2149.67	8	DI	1905	1	35
430	4874	00:00.0	2018	NULL	DI	1982	43	8	2149.67	8	DI	1905	1	36
222	4878	00:00.0	2014	NULL	DI	1990	35	8	1159.43	8	DI	1905	1	24
310	4893	00:00.0	2016	NULL	PVC900	1988	37	8	202.72	8	PVC900	1905	1	28
307	4896	00:00.0	2016	NULL	PVC900	1988	37	8	413.58	8	PVC900	1905	1	28
29	4907	00:00.0	2020	105013	PVC900	1988	37	12	909.98	12	PVC900	1905	1	32
5	4908	00:00.0	2020	105014	PVC200	1990	35	6	931.79	6	PVC200	1905	1	30
64	4911	00:00.0	2021	105017	PVC200	1990	35	6	581.55	6	PVC200	1905	1	31
394	5028	00:00.0	2017	NULL	CI	1974	51	6	645.39	6	NULL	1905	1	43
57	5094	00:00.0	2021	105203	PVC200	1990	35	6	634.16	6	PVC200	1905	1	31
37	5094	00:00.0	2020	105203	PVC200	1990	35	6	634.16	6	PVC200	1905	1	30
195	5098	00:00.0	2014	NULL	PVC	1990	35	6	582.01	6	PVC	1905	1	24
203	5118	00:00.0	2014	NULL	DI	1986	39	20	1907.85	20	Ductile Iron	1905	1	28
418	5206	00:00.0	2018	NULL	DI	1973	52	12	1168.46	12	PVC	1905	1	45
168	5235	00:00.0	2013	NULL	DI	1970	55	8	530.96	8	DI	1905	1	43
373	5236	00:00.0	2017	NULL	DI	1971	54	6	798.62	6	PVC	1905	1	46
333	5236	00:00.0	2016	NULL	DI	1971	54	6	798.62	6	PVC	1905	1	45
380	5242	00:00.0	2017	NULL	DI	1989	36	12	1648.78	12	DI	1900	1	28
71	5247	00:00.0	2021	105364	PVC900	1991	34	6	448.78	6	PVC900	1905	1	30
367	5308	00:00.0	2017	NULL	DI	1994	31	12	597.02	12	DI	1905	1	23
3	5330	00:00.0	2020	105452	DI	1993	32	24	9352.69	24	Ductile Iron	1900	1	27
261	5330	00:00.0	2015	NULL	DI	1993	32	24	9352.69	24	Ductile Iron	1900	1	22
158	5394	00:00.0	2013	NULL	DI	1993	32	6	926.21	6	CI	1905	1	20
111	5394	00:00.0	2022	105516	DI	1993	32	6	926.21	6	CI	1905	1	29
61	5402	00:00.0	2021	105526	PVC200	1990	35	2	843.99	2	PVC200	1905	0	31
20	5417	00:00.0	2020	105541	PVC900	1997	28	8	1695.74	8	PVC900	1905	1	23
99	5417	00:00.0	2021	105541	PVC900	1997	28	8	1695.74	8	PVC900	1905	1	24
463	5419	00:00.0	2019	NULL	PVC200	1985	40	6	1975.91	6	PVC200	1905	1	34
477	5448	00:00.0	2019	NULL	PVC	1986	39	8	1902.56	8	PVC	1905	1	33
309	5448	00:00.0	2016	NULL	PVC	1986	39	8	1902.56	8	PVC	1905	1	30
73	5468	00:00.0	2021	105598	DI	1980	45	10	8478.59	10	CI	1905	1	41
66	5654	00:00.0	2021	105786	PVC200	1978	47	6	1972	6	PVC200	1905	1	43
41	5665	00:00.0	2020	105797	CI	1972	53	2	428.02	2	CI	1905	0	48
112	5665	00:00.0	2022	105797	CI	1972	53	2	428.02	2	CI	1905	0	50
241	5665	00:00.0	2014	NULL	CI	1972	53	2	428.02	2	CI	1905	0	42
26	5670	00:00.0	2020	105802	PVC900	1986	39	8	436.96	8	PVC900	1905	1	34
351	5683	00:00.0	2016	NULL	PVC900	1985	40	6	660.4	6	PVC900	1905	1	31
423	5715	00:00.0	2018	NULL	DI	1973	52	12	1856.6	12	Ductile Iron	1905	1	45
417	5716	00:00.0	2018	NULL	CI	1973	52	8	992.53	8	NULL	1905	1	45
50	5718	00:00.0	2021	105854	CI	1972	53	6	1682	6	CI	1905	1	49
145	5722	00:00.0	2022	105859	CI	1973	52	6	154.16	6	NULL	1905	1	49
388	5722	00:00.0	2017	NULL	CI	1973	52	6	154.16	6	NULL	1905	1	44
431	5731	00:00.0	2018	NULL	PVC	1982	43	8	2053.65	8	NULL	1905	1	36
81	5742	00:00.0	2021	105880	PVC200	1980	45	10	993.95	10	PVC200	1905	1	41
120	5768	00:00.0	2022	105911	PVC900	2006	19	10	2225.44	10	PVC900	1905	1	16
58	5786	00:00.0	2021	105929	PVC200	1986	39	6	518.76	6	PVC200	1900	1	35
408	5800	00:00.0	2018	NULL	PVC200	1986	39	8	277.66	8	PVC200	1900	1	32
365	5803	00:00.0	2017	NULL	PVC200	1990	35	6	1158.64	6	PVC200	1900	1	27
326	5807	00:00.0	2016	NULL	PVC200	1988	37	6	1247.51	6	PVC200	1900	1	28
100	5807	00:00.0	2021	105950	PVC200	1988	37	6	1247.51	6	PVC200	1900	1	33
429	5808	00:00.0	2018	NULL	PVC200	1988	37	6	330.58	6	PVC200	1900	1	30
125	5809	00:00.0	2022	105952	PVC200	1988	37	6	1129.04	6	PVC200	1900	1	34
410	5813	00:00.0	2018	NULL	PVC200	1984	41	6	1204.32	6	PVC200	1900	1	34
59	5815	00:00.0	2021	105958	PVC200	1985	40	8	852.41	8	PVC200	1900	1	36
67	5821	00:00.0	2021	105964	PVC200	1985	40	10	423.86	10	PVC200	1900	1	36
254	5826	00:00.0	2014	NULL	PVC200	1989	36	6	1064.23	6	PVC200	1905	1	25
95	5830	00:00.0	2021	105973	PVC200	1988	37	6	430.87	6	PVC200	1900	1	33
22	5831	00:00.0	2020	105974	PVC200	1988	37	8	1988.68	8	PVC200	1900	1	32
272	5831	00:00.0	2015	NULL	PVC200	1988	37	8	1988.68	8	PVC200	1900	1	27
150	5839	00:00.0	2021	105982	PVC200	1985	40	8	1617.23	8	PVC200	1900	1	36
86	5839	00:00.0	2022	105982	PVC200	1985	40	8	1617.23	8	PVC200	1900	1	37
273	5840	00:00.0	2015	NULL	PVC200	1985	40	8	660.92	8	PVC200	1900	1	30
286	5842	00:00.0	2015	NULL	PVC200	1985	40	8	501.4	8	PVC200	1900	1	30
130	5843	00:00.0	2022	105986	PVC200	1985	40	8	1039.11	8	PVC200	1900	1	37
39	5843	00:00.0	2020	105986	PVC200	1985	40	8	1039.11	8	PVC200	1900	1	35
428	5843	00:00.0	2018	NULL	PVC200	1985	40	8	1039.11	8	PVC200	1900	1	33
366	5843	00:00.0	2017	NULL	PVC200	1985	40	8	1039.11	8	PVC200	1900	1	32
433	5843	00:00.0	2018	NULL	PVC200	1985	40	8	1039.11	8	PVC200	1900	1	33
454	5843	00:00.0	2018	NULL	PVC200	1985	40	8	1039.11	8	PVC200	1900	1	33
478	5843	00:00.0	2019	NULL	PVC200	1985	40	8	1039.11	8	PVC200	1900	1	34
16	5850	00:00.0	2020	105993	PVC200	1979	46	6	229.32	6	PVC200	1905	1	41
263	5857	00:00.0	2015	NULL	PVC	1979	46	6	457.58	6	PVC	1905	1	36
116	5858	00:00.0	2022	106002	PVC900	1983	42	10	2333.18	10	PVC900	1905	1	39
411	5898	00:00.0	2018	NULL	PVC	1982	43	6	1861.67	6	PVC	1900	1	36
392	5903	00:00.0	2017	NULL	CI	1962	63	2	226.35	2	Cast Iron	1905	0	55
369	5916	00:00.0	2017	NULL	CI	1968	57	6	1627.92	6	Cast Iron	1905	1	49
9	5952	00:00.0	2020	106084	PVC160	1988	37	8	239.48	8	PVC160	1905	1	32
424	5956	00:00.0	2018	NULL	PVC	1987	38	6	1856.02	6	PVC	1905	1	31
174	5960	00:00.0	2013	NULL	PVC900	2000	25	8	3568.59	8	PVC900	1905	1	13
238	5973	00:00.0	2014	NULL	DI	1995	30	24	11868.49	24	Ductile Iron	1900	1	19
143	5988	00:00.0	2021	106116	DI	1994	31	12	77.22	12	DI	1905	1	27
353	5990	00:00.0	2017	NULL	DI	1987	38	10	1446.71	10	Ductile Iron	1905	1	30
147	5999	00:00.0	2021	105571	DI	1973	52	10	851.14	10	PVC900	1905	1	48
43	6003	00:00.0	2020	105875	PVC200	1980	45	8	3841.61	8	PVC200	1905	1	40
119	6018	00:00.0	2022	106132	DI	1989	36	12	227.8	12	Ductile Iron	1900	1	33
68	6036	00:00.0	2021	106096	PVC160	1990	35	2	5124.61	2	PVC160	1905	0	31
210	6036	00:00.0	2014	NULL	PVC160	1990	35	2	5124.61	2	PVC160	1905	0	24
131	6037	00:00.0	2022	102619	AC	1980	45	6	636.54	6	AC	1905	1	42
12	6064	00:00.0	2020	106051	CI	1962	63	2	1001.66	2	Cast Iron	1905	0	58
133	6065	00:00.0	2022	102679	PVC200	1985	40	6	1793.95	6	PVC200	1905	1	37
224	6065	00:00.0	2014	NULL	PVC200	1985	40	6	1793.95	6	PVC200	1905	1	29
278	6065	00:00.0	2015	NULL	PVC200	1985	40	6	1793.95	6	PVC200	1905	1	30
138	6078	00:00.0	2022	106154	PVC200	1980	45	2	317.64	2	PVC200	1905	0	42
488	6079	00:00.0	2019	NULL	CI	1973	52	8	1624.75	8	NULL	1905	1	46
109	6087	00:00.0	2022	106064	CI	1976	49	8	464.8	8	CI	1905	1	46
144	6088	00:00.0	2021	101729	CI	1968	57	2	666.51	2	CI	1905	0	53
142	6094	00:00.0	2020	106158	DI	1970	55	4	564.3	4	PVC	1905	1	50
189	6094	00:00.0	2014	NULL	DI	1970	55	4	564.3	4	PVC	1905	1	44
407	6094	00:00.0	2018	NULL	DI	1970	55	4	564.3	4	PVC	1905	1	48
151	6095	00:00.0	2022	106157	PVC200	2010	15	3	126.65	3	PVC200	1905	1	12
148	6096	00:00.0	2021	106156	PVC200	1990	35	4	1084.16	4	PVC200	1905	1	31
149	6096	00:00.0	2021	106156	PVC200	1990	35	4	1084.16	4	PVC200	1905	1	31
154	6096	00:00.0	2022	106156	PVC200	1990	35	4	1084.16	4	PVC200	1905	1	32
94	6097	00:00.0	2021	102437	CI	1971	54	3	1278.69	3	CI	1905	1	50
268	6103	00:00.0	2015	NULL	CI	1970	55	2	549.39	2	Cast Iron	1905	0	45
400	6103	00:00.0	2018	NULL	CI	1970	55	2	549.39	2	Cast Iron	1905	0	48
221	6108	00:00.0	2014	NULL	CI	1962	63	2	883.18	2	Cast Iron	1905	0	52
177	6136	00:00.0	2014	NULL	CI	1962	63	2	997.67	2	Cast Iron	1905	0	52
199	6136	00:00.0	2014	NULL	CI	1962	63	2	997.67	2	Cast Iron	1905	0	52
284	6137	00:00.0	2015	NULL	CI	1962	63	2	860.59	2	Cast Iron	1905	0	53
340	6137	00:00.0	2016	NULL	CI	1962	63	2	860.59	2	Cast Iron	1905	0	54
187	6145	00:00.0	2014	NULL	CI	1972	53	3	579.04	3	CI	1905	1	42
105	6148	00:00.0	2022	102358	CI	1972	53	8	775.5	8	CI	1905	1	50
182	6151	00:00.0	2014	NULL	CI	1972	53	3	236.04	3	CI	1905	1	42
169	6151	00:00.0	2013	NULL	CI	1972	53	3	236.04	3	CI	1905	1	41
123	6158	00:00.0	2022	106174	CI	1972	53	3	351.01	3	CI	1905	1	50
141	6160	00:00.0	2020	106155	DI	1993	32	8	571.8	8	CI	1905	1	27
