Failure_ID	ID	BreakDate	BreakYear	SourceTxt_ID	Material	InstallYear	Age	RR_Diameter	Length(ft)	OrgDiameter	OrgMaterial	OrgInstallYear	Status	BreakAge
1442	6893	26:01.0	2012	497555	CI	1950	75	2	367.46	2	CI	1950	1	62
1443	9510	21:51.0	2019	491320	CSC	1964	61	18	977.99	18	CSC	1964	1	55
1447	22178	35:30.0	2014	494774	CI	1960	65	6	366.47	6	CI	1960	1	54
1448	22178	00:00.0	2020	494774	CI	1960	65	6	366.47	6	CI	1960	1	60
1449	24613	12:55.0	2021	501937	PVC	1998	27	12	596.61	12	PVC	1998	1	23
1450	24641	38:52.0	2013	501965	CI	1959	66	2	434.69	2	CI	1959	1	54
1451	24641	08:27.0	2017	501965	CI	1959	66	2	434.69	2	CI	1959	1	58
1452	24641	11:20.0	2012	501965	CI	1959	66	2	434.69	2	CI	1959	1	53
1453	24641	10:50.0	2019	501965	CI	1959	66	2	434.69	2	CI	1959	1	60
1454	24641	19:27.0	2019	501965	CI	1959	66	2	434.69	2	CI	1959	1	60
1455	24641	29:07.0	2019	501965	CI	1959	66	2	434.69	2	CI	1959	1	60
1456	24731	35:07.0	2018	502059	PVC	1996	29	8	485.4	8	PVC	1996	1	22
1457	24758	56:09.0	2017	502086	CI	1960	65	8	21.59	8	CI	1960	1	57
1458	377	39:33.0	2022	489248	CI	1950	75	6	600.9	6	CI	1950	1	72
1459	10690	46:57.0	2013	491500	PVC	1986	39	12	45.57	12	PVC	1986	1	27
1460	12920	38:29.0	2020	498911	CI	1950	75	6	36.2	6	CI	1950	1	70
1462	18129	02:38.0	2014	500115	CI	1964	61	6	493.98	6	CI	1964	1	50
1463	18224	45:21.0	2018	500223	PVC	1984	41	6	248.77	6	PVC	1984	1	34
1464	20123	29:29.0	2013	500845	PVC	2009	16	6	344.37	6	PVC	2009	1	4
1487	16149	59:54.0	2014	493162	PVC	1981	44	6	254.15	6	PVC	1981	1	33
1486	16041	01:05.0	2015	493051	PVC	1990	35	2	159.31	2	PVC	1990	1	25
1485	16032	55:40.0	2014	493042	GS	1979	46	1.5	2061.07	1.5	GS	1979	1	35
1444	12247	41:42.0	2014	505061	CI	1954	71	6	241.84	6	CI	1954	1	60
1445	12399	16:11.0	2018	491941	GS	1966	59	2	98.78	2	GS	1966	1	52
1446	14954	09:55.0	2019	499244	CI	1966	59	6	311.78	6	CI	1966	1	53
1491	3868	43:55.0	2017	503053	GS	1979	46	1.5	4.47	1.5	GS	1979	1	38
1492	3873	03:09.0	2013	503058	ASB	1979	46	4	501	4	ASB	1979	1	34
1493	3873	30:35.0	2018	503058	ASB	1979	46	4	501	4	ASB	1979	1	39
1494	3873	24:33.0	2018	503058	ASB	1979	46	4	501	4	ASB	1979	1	39
1495	3873	04:43.0	2019	503058	ASB	1979	46	4	501	4	ASB	1979	1	40
1496	3873	54:17.0	2022	503058	ASB	1979	46	4	501	4	ASB	1979	1	43
1497	3873	34:43.0	2014	503058	ASB	1979	46	4	501	4	ASB	1979	1	35
1498	3873	02:25.0	2016	503058	ASB	1979	46	4	501	4	ASB	1979	1	37
1499	3875	01:57.0	2013	503060	ASB	1979	46	4	130.15	4	ASB	1979	1	34
1500	3875	41:40.0	2015	503060	ASB	1979	46	4	130.15	4	ASB	1979	1	36
1501	3875	26:10.0	2022	503060	ASB	1979	46	4	130.15	4	ASB	1979	1	43
1502	3875	33:00.0	2014	503060	ASB	1979	46	4	130.15	4	ASB	1979	1	35
1503	3875	44:43.0	2017	503060	ASB	1979	46	4	130.15	4	ASB	1979	1	38
1441	4480	57:16.0	2021	503241	CI	1963	62	12	70.13	12	CI	1963	0	58
1468	937	40:58.0	2021	508356	CI	1951	74	6	2.6	6	CI	1951	1	70
1509	4105	23:21.0	2019	489935	CI	1950	75	8	887.6	8	CI	1950	1	69
1510	4105	20:41.0	2022	489935	CI	1950	75	8	887.6	8	CI	1950	1	72
1511	4105	54:58.0	2012	489935	CI	1950	75	8	887.6	8	CI	1950	1	62
1475	3490	07:45.0	2022	757298	CI	1950	75	6	670.77	6	CI	1950	1	72
1476	3490	21:21.0	2019	757298	CI	1950	75	6	670.77	6	CI	1950	1	69
1512	4105	48:58.0	2023	489935	CI	1950	75	8	887.6	8	CI	1950	1	73
1513	4110	36:44.0	2019	489940	CI	1960	65	6	353.59	6	DI	1960	1	59
1479	16032	10:02.0	2013	493042	GS	1979	46	1.5	2061.07	1.5	GS	1979	1	34
1480	16032	37:51.0	2017	493042	GS	1979	46	1.5	2061.07	1.5	GS	1979	1	38
1481	16032	11:00.0	2021	493042	GS	1979	46	1.5	2061.07	1.5	GS	1979	1	42
1482	16032	46:16.0	2014	493042	GS	1979	46	1.5	2061.07	1.5	GS	1979	1	35
1483	16032	34:57.0	2012	493042	GS	1979	46	1.5	2061.07	1.5	GS	1979	1	33
1484	16032	05:28.0	2022	493042	GS	1979	46	1.5	2061.07	1.5	GS	1979	1	43
1514	4111	02:28.0	2014	489941	CI	1960	65	8	395.43	8	CI	1960	1	54
1515	4111	26:54.0	2017	489941	CI	1960	65	8	395.43	8	CI	1960	1	57
1516	4111	55:38.0	2017	489941	CI	1960	65	8	395.43	8	CI	1960	1	57
1507	4105	37:46.0	2022	489935	CI	1950	75	8	887.6	8	CI	1950	1	72
1508	4105	36:35.0	2018	489935	CI	1950	75	8	887.6	8	CI	1950	1	68
1517	4111	03:45.0	2012	489941	CI	1960	65	8	395.43	8	CI	1960	1	52
1467	937	49:56.0	2015	508356	CI	1951	74	6	2.6	6	CI	1951	1	64
1461	15929	44:58.0	2013	492939	PVC	1990	35	2	101.96	2	PVC	1990	1	23
1527	12571	10:48.0	2022	492115	CI	1950	75	6	263.5	6	CI	1950	1	72
1528	12688	29:21.0	2018	492242	DI	1984	41	12	311.28	12	DI	1984	1	34
1529	12728	48:23.0	2018	492282	PVC	1985	40	12	231.89	12	PVC	1985	1	33
1530	12728	36:03.0	2014	492282	PVC	1985	40	12	231.89	12	PVC	1985	1	29
1440	2257	26:27.0	2014	489426	CI	1950	75	10	424.17	10	CI	1950	1	64
1518	4132	21:51.0	2019	489962	CI	1950	75	10	496.48	10	CI	1950	1	69
1519	4132	43:19.0	2017	489962	CI	1950	75	10	496.48	10	CI	1950	1	67
1520	4132	19:00.0	2020	489962	CI	1950	75	10	496.48	10	CI	1950	1	70
1469	3490	52:21.0	2013	757298	CI	1950	75	6	670.77	6	CI	1950	1	63
1470	3490	40:57.0	2016	757298	CI	1950	75	6	670.77	6	CI	1950	1	66
1471	3490	06:12.0	2018	757298	CI	1950	75	6	670.77	6	CI	1950	1	68
1472	3490	59:02.0	2018	757298	CI	1950	75	6	670.77	6	CI	1950	1	68
1473	3490	52:57.0	2020	757298	CI	1950	75	6	670.77	6	CI	1950	1	70
1474	3490	13:50.0	2018	757298	CI	1950	75	6	670.77	6	CI	1950	1	68
1465	25104	12:03.0	2016	495599	PVC	1985	40	2	743.05	2	PVC	1985	1	31
1466	25104	05:37.0	2021	495599	PVC	1985	40	2	743.05	2	PVC	1985	1	36
1478	13367	50:31.0	2018	510458	PVC	2017	8	8	620.98	8	PVC	2017	1	1
1505	3922	31:31.0	2015	489750	CI	1950	75	6	292.57	6	CI	1950	1	65
1521	6270	12:22.0	2014	503754	CI	1950	75	6	396.19	6	CI	1950	1	64
1523	6543	57:30.0	2017	784611	CI	1959	66	6	8.11	6	CI	1959	1	58
1488	22843	28:14.0	2016	501438	PVC	1998	27	12	453.79	12	PVC	1998	1	18
1506	4070	33:07.0	2015	489899	CI	1970	55	6	284.9	6	CI	1970	1	45
1522	6543	33:34.0	2017	784611	CI	1959	66	6	8.11	6	CI	1959	1	58
1548	2341	38:50.0	2019	489511	CI	1966	59	12	216.22	12	CI	1966	1	53
1550	2421	19:24.0	2022	489591	CI	1950	75	6	405.47	6	CI	1950	1	72
1525	12564	01:40.0	2017	492107	PVC	1989	36	6	339.15	6	PVC	1989	1	28
1526	12564	12:35.0	2020	492107	PVC	1989	36	6	339.15	6	PVC	1989	1	31
1549	2421	31:23.0	2018	489591	CI	1950	75	6	405.47	6	CI	1950	1	68
1551	2516	06:35.0	2023	489686	CI	1961	64	6	305.73	6	CI	1961	1	62
1477	5923	30:46.0	2020	509379	PVC	2017	8	8	533.66	8	PVC	2017	1	3
1524	10331	40:09.0	2020	509964	CI	1966	59	2	72.24	2	CI	1966	1	54
1552	2548	30:23.0	2017	489718	CI	1950	75	6	357.06	6	CI	1950	1	67
1553	2548	41:21.0	2014	489718	CI	1950	75	6	357.06	6	CI	1950	1	64
1556	11455	41:59.0	2019	498719	CI	1950	75	6	205.8	6	CI	1950	1	69
1557	11455	52:24.0	2019	498719	CI	1950	75	6	205.8	6	CI	1950	1	69
1558	11458	02:11.0	2017	498722	CI	1950	75	8	140.63	8	CI	1950	1	67
1559	11458	46:20.0	2022	498722	CI	1950	75	8	140.63	8	CI	1950	1	72
1489	23042	43:39.0	2014	501637	PVC	2001	24	12	383	12	PVC	2001	1	13
1504	3917	18:57.0	2018	489745	CI	1978	47	6	307.67	6	CI	1978	1	40
1531	17714	38:16.0	2017	493280	CI	1963	62	6	396.51	6	CI	1963	1	54
1546	23375	12:43.0	2013	495071	CI	1966	59	6	324.12	6	CI	1966	1	47
1543	23333	16:05.0	2018	495012	CI	1960	65	2	243.7	2	CI	1960	1	58
1547	23407	00:00.0	2021	495103	PVC	2004	21	12	128.42	12	PVC	2004	1	17
1544	23373	32:37.0	2015	495069	CI	1970	55	2	353.96	2	CI	1970	1	45
1545	23373	39:17.0	2022	495069	CI	1970	55	2	353.96	2	CI	1970	1	52
1572	5162	23:09.0	2013	490213	CI	1978	47	2	25.44	2	CI	1978	1	35
1541	23333	07:32.0	2020	495012	CI	1960	65	2	243.7	2	CI	1960	1	60
1542	23333	09:34.0	2015	495012	CI	1960	65	2	243.7	2	CI	1960	1	55
1532	17714	41:14.0	2022	493280	CI	1963	62	6	396.51	6	CI	1963	1	59
1490	23056	10:51.0	2022	501651	CI	1960	65	6	423.81	6	CI	1960	1	62
1573	5162	12:53.0	2019	490213	CI	1978	47	2	25.44	2	CI	1978	1	41
1535	17964	47:59.0	2015	493532	CI	1952	73	6	516.51	6	CI	1952	1	63
1538	23162	28:09.0	2013	512441	CI	1950	75	8	69.71	8	CI	1950	1	63
1539	23162	46:09.0	2017	512441	CI	1950	75	8	69.71	8	CI	1950	1	67
1537	23162	46:37.0	2018	512441	CI	1950	75	8	69.71	8	CI	1950	1	68
1540	23162	57:51.0	2019	512441	CI	1950	75	8	69.71	8	CI	1950	1	69
1533	17747	25:13.0	2016	493313	CI	1950	75	2	4.74	2	CI	1950	1	66
1534	17751	05:59.0	2017	493318	CI	1950	75	2	227.92	2	CI	1950	1	67
1589	12095	59:33.0	2015	504908	CI	1970	55	6	943.98	6	CI	1970	1	45
1564	21228	26:45.0	2018	512203	CI	1970	55	2	3.68	2	CI	1970	1	48
1590	12095	18:24.0	2018	504908	CI	1970	55	6	943.98	6	CI	1970	1	48
1591	12095	09:50.0	2021	504908	CI	1970	55	6	943.98	6	CI	1970	1	51
1562	21228	51:51.0	2014	512203	CI	1970	55	2	3.68	2	CI	1970	1	44
1563	21228	51:00.0	2017	512203	CI	1970	55	2	3.68	2	CI	1970	1	47
1587	12095	28:05.0	2020	504908	CI	1970	55	6	943.98	6	CI	1970	1	50
1588	12095	07:29.0	2020	504908	CI	1970	55	6	943.98	6	CI	1970	1	50
1565	21228	22:05.0	2012	512203	CI	1970	55	2	3.68	2	CI	1970	1	42
1602	26169	41:51.0	2020	495747	PVC	1985	40	4	820.39	4	PVC	1985	1	35
1603	26169	20:36.0	2017	495747	PVC	1985	40	4	820.39	4	PVC	1985	1	32
1536	20661	11:13.0	2015	494105	GS	1979	46	1.5	2525.42	1.5	GS	1979	1	36
1592	14378	05:09.0	2016	492659	PVC	2003	22	6	198.86	6	PVC	2003	1	13
1593	14378	09:44.0	2015	492659	PVC	2003	22	6	198.86	6	PVC	2003	1	12
1594	18893	53:01.0	2014	493612	PVC	1989	36	2	302.48	2	PVC	1989	1	25
1595	18893	03:39.0	2020	493612	PVC	1989	36	2	302.48	2	PVC	1989	1	31
1604	26169	58:53.0	2019	495747	PVC	1985	40	4	820.39	4	PVC	1985	1	34
1605	26171	54:09.0	2015	495749	PVC	2003	22	4	85.01	4	PVC	2003	1	12
1596	18893	19:46.0	2022	493612	PVC	1989	36	2	302.48	2	PVC	1989	1	33
1597	18893	11:30.0	2017	493612	PVC	1989	36	2	302.48	2	PVC	1989	1	28
1598	21373	10:51.0	2018	500883	CI	1950	75	8	343.51	8	CI	1950	1	68
1567	26051	00:32.0	2013	508085	PVC	2003	22	6	1.77	6	PVC	2003	1	10
1599	21373	55:35.0	2022	500883	CI	1950	75	8	343.51	8	CI	1950	1	72
1600	21373	53:21.0	2022	500883	CI	1950	75	8	343.51	8	CI	1950	1	72
1608	4259	57:34.0	2018	490090	DI	1989	36	2	209.06	2	CI	1989	1	29
1609	4259	08:24.0	2022	490090	DI	1989	36	2	209.06	2	CI	1989	1	33
1571	5064	27:25.0	2022	497425	CI	1950	75	6	193.78	6	CI	1950	1	72
1610	4259	32:26.0	2018	490090	DI	1989	36	2	209.06	2	CI	1989	1	29
1568	2750	16:08.0	2019	496666	PVC	2008	17	6	9.73	6	PVC	2008	1	11
1569	5064	46:54.0	2013	497425	CI	1950	75	6	193.78	6	CI	1950	1	63
1570	5064	05:30.0	2018	497425	CI	1950	75	6	193.78	6	CI	1950	1	68
1614	7229	42:55.0	2022	497892	CI	1960	65	6	401.79	6	CI	1960	1	62
1615	7229	23:14.0	2020	497892	CI	1960	65	6	401.79	6	CI	1960	1	60
1616	7229	54:33.0	2017	497892	CI	1960	65	6	401.79	6	CI	1960	1	57
1607	4259	48:01.0	2016	490090	DI	1989	36	2	209.06	2	CI	1989	1	27
1554	4776	54:43.0	2014	497137	PVC	2008	17	12	21	12	PVC	2008	1	6
1555	11383	52:10.0	2019	498647	CI	1950	75	8	213.21	8	CI	1950	1	69
1620	7306	13:46.0	2014	490662	CI	1950	75	4	356.7	4	CI	1950	1	64
1621	7306	39:01.0	2020	490662	CI	1950	75	4	356.7	4	CI	1950	1	70
1622	7306	49:33.0	2016	490662	CI	1950	75	4	356.7	4	CI	1950	1	66
1623	7306	37:01.0	2016	490662	CI	1950	75	4	356.7	4	CI	1950	1	66
1624	9828	26:21.0	2014	504335	GS	1970	55	2	0.63	2	GS	1970	1	44
1560	21094	26:33.0	2017	512068	GS	1950	75	2	2.22	2	GS	1950	1	67
1561	21094	23:26.0	2021	512068	GS	1950	75	2	2.22	2	GS	1950	1	71
1632	21779	40:17.0	2019	501290	CI	1956	69	8	603.95	8	CI	1956	1	63
1633	21779	37:44.0	2022	501290	CI	1956	69	8	603.95	8	CI	1956	1	66
1634	10751	05:50.0	2013	491562	CI	1959	66	6	314.85	6	CI	1959	1	54
1580	9880	54:17.0	2015	504387	CI	1949	76	6	255.64	6	CI	1949	1	66
1581	9880	33:31.0	2014	504387	CI	1949	76	6	255.64	6	CI	1949	1	65
1582	9880	59:19.0	2017	504387	CI	1949	76	6	255.64	6	CI	1949	1	68
1583	9880	45:45.0	2018	504387	CI	1949	76	6	255.64	6	CI	1949	1	69
1635	10751	10:40.0	2021	491562	CI	1959	66	6	314.85	6	CI	1959	1	62
1579	9880	17:52.0	2019	504387	CI	1949	76	6	255.64	6	CI	1949	1	70
1636	10897	35:55.0	2013	491708	CI	1950	75	6	79.62	6	CI	1950	1	63
1576	7514	44:26.0	2022	490871	CI	1950	75	2	368.55	2	CI	1950	1	72
1574	7514	38:46.0	2013	490871	CI	1950	75	2	368.55	2	CI	1950	1	63
1577	7514	01:12.0	2014	490871	CI	1950	75	2	368.55	2	CI	1950	1	64
1575	7514	52:46.0	2018	490871	CI	1950	75	2	368.55	2	CI	1950	1	68
1629	21755	34:17.0	2022	501266	ASB	1967	58	8	544.92	8	ASB	1967	1	55
1639	17593	43:23.0	2020	511539	GS	2017	8	2	4.28	2	GS	2017	1	3
1584	9881	24:57.0	2022	504388	CI	1949	76	6	28.99	6	CI	1949	1	73
1630	21756	36:02.0	2014	501267	CI	1950	75	8	228.92	8	CI	1950	1	64
1640	17663	00:00.0	2021	493229	CI	1950	75	14	126.95	14	CI	1950	1	71
1641	17695	14:04.0	2015	493261	CI	1951	74	8	684.78	8	DI	1951	1	64
1631	21756	54:45.0	2023	501267	CI	1950	75	8	228.92	8	CI	1950	1	73
1578	9880	34:11.0	2020	504387	CI	1949	76	6	255.64	6	CI	1949	1	71
1652	19522	26:49.0	2013	511767	DI	1989	36	2	6.47	2	CI	1989	1	24
1653	19522	43:48.0	2015	511767	DI	1989	36	2	6.47	2	CI	1989	1	26
1658	12827	27:48.0	2022	498818	CI	1950	75	6	66.71	6	CI	1950	1	72
1643	2080	00:45.0	2014	502964	PVC	1980	45	8	301.92	8	PVC	1980	1	34
1659	12829	02:48.0	2019	498820	CI	1950	75	6	321.93	6	CI	1950	1	69
1645	12347	24:07.0	2018	491889	CI	1950	75	8	295.55	8	CI	1950	1	68
1646	12347	27:08.0	2023	491889	CI	1950	75	8	295.55	8	CI	1950	1	73
1647	12348	43:50.0	2019	491890	CI	1950	75	8	318.25	8	CI	1950	1	69
1648	12348	52:01.0	2014	491890	CI	1950	75	8	318.25	8	CI	1950	1	64
1649	12440	13:16.0	2013	491982	CI	1973	52	6	375.34	6	CI	1973	1	40
1650	12440	22:11.0	2020	491982	CI	1973	52	6	375.34	6	CI	1973	1	47
1651	12440	09:33.0	2020	491982	CI	1973	52	6	375.34	6	CI	1973	1	47
1585	9889	49:31.0	2020	504396	PVC	2003	22	8	89.83	8	PVC	2003	1	17
1674	25124	00:14.0	2019	495619	PVC	1985	40	4	624	4	PVC	1985	1	34
1687	23040	44:12.0	2013	501635	CI	1973	52	6	471.34	6	CI	1973	1	40
1688	23040	00:00.0	2020	501635	CI	1973	52	6	471.34	6	CI	1973	1	47
1689	23040	53:51.0	2013	501635	CI	1973	52	6	471.34	6	CI	1973	1	40
1690	23040	57:07.0	2020	501635	CI	1973	52	6	471.34	6	CI	1973	1	47
1660	12947	33:34.0	2017	498938	CI	1959	66	6	37.24	6	CI	1959	1	58
1613	7229	20:36.0	2015	497892	CI	1960	65	6	401.79	6	CI	1960	1	55
1661	12947	57:30.0	2017	498938	CI	1959	66	6	37.24	6	CI	1959	1	58
1694	3872	09:43.0	2020	503057	ASB	1979	46	2	251.75	2	ASB	1979	1	41
1695	3872	40:49.0	2022	503057	ASB	1979	46	2	251.75	2	ASB	1979	1	43
1696	3872	46:41.0	2018	503057	ASB	1979	46	2	251.75	2	ASB	1979	1	39
1697	3872	35:46.0	2014	503057	ASB	1979	46	2	251.75	2	ASB	1979	1	35
1698	3872	40:05.0	2020	503057	ASB	1979	46	2	251.75	2	ASB	1979	1	41
1699	3872	21:21.0	2014	503057	ASB	1979	46	2	251.75	2	ASB	1979	1	35
1662	12958	12:54.0	2014	498949	CI	1965	60	6	432.3	6	CI	1965	1	49
1701	10330	40:09.0	2020	509963	CI	1966	59	12	38.57	12	CI	1966	1	54
1663	15796	33:21.0	2012	492806	PVC	1984	41	8	313.39	8	PVC	1984	1	28
1664	15816	30:53.0	2021	492826	PVC	1989	36	2	278.95	2	PVC	1989	1	32
1665	15816	02:02.0	2013	492826	PVC	1989	36	2	278.95	2	PVC	1989	1	24
1666	15871	13:37.0	2016	492881	PVC	2003	22	8	127.73	8	PVC	2003	1	13
1669	25124	13:14.0	2015	495619	PVC	1985	40	4	624	4	PVC	1985	1	30
1670	25124	31:54.0	2021	495619	PVC	1985	40	4	624	4	PVC	1985	1	36
1619	7306	23:46.0	2013	490662	CI	1950	75	4	356.7	4	CI	1950	1	63
1671	25124	42:51.0	2015	495619	PVC	1985	40	4	624	4	PVC	1985	1	30
1672	25124	33:34.0	2015	495619	PVC	1985	40	4	624	4	PVC	1985	1	30
1673	25124	51:26.0	2012	495619	PVC	1985	40	4	624	4	PVC	1985	1	27
1586	10012	28:48.0	2017	504520	CI	1950	75	6	312.4	6	CI	1950	1	67
1676	3486	55:16.0	2017	489730	CI	1950	75	2	114.65	2	CI	1950	1	67
1677	3486	08:53.0	2018	489730	CI	1950	75	2	114.65	2	CI	1950	1	68
1678	3486	32:53.0	2020	489730	CI	1950	75	2	114.65	2	CI	1950	1	70
1601	21492	09:54.0	2014	501003	CI	1965	60	12	150.86	12	CI	1965	1	49
1680	16033	46:44.0	2013	493043	ASB	1979	46	4	188.27	4	ASB	1979	1	34
1681	16033	40:51.0	2012	493043	ASB	1979	46	4	188.27	4	ASB	1979	1	33
1682	16033	43:32.0	2016	493043	ASB	1979	46	4	188.27	4	ASB	1979	1	37
1683	16103	00:39.0	2017	493116	CI	1960	65	2	301.9	2	CI	1960	1	57
1566	26002	48:51.0	2017	508036	CI	1960	65	6	1.33	6	CI	1960	1	57
1685	20407	37:07.0	2016	506685	CI	1950	75	6	4.27	6	DI	1950	1	66
1703	12601	01:05.0	2015	492155	PVC	1990	35	2	114.37	2	PVC	1990	1	25
1704	12719	46:57.0	2013	492273	PVC	1986	39	12	17.92	12	PVC	1986	1	27
1706	12793	51:24.0	2022	498784	CI	1950	75	6	56.1	6	CI	1950	1	72
1612	7141	52:54.0	2019	497804	PVC	2010	15	8	77.86	8	PVC	2010	1	9
1713	20668	33:50.0	2020	494112	GS	1979	46	1.5	514.08	1.5	GS	1979	1	41
1617	7243	40:46.0	2014	490598	CI	1950	75	6	395.89	6	CI	1950	1	64
1700	6320	03:16.0	2012	503804	PVC	1999	26	6	24.97	6	PVC	1999	1	13
1702	12493	03:08.0	2018	492035	CI	1970	55	6	28.58	6	CI	1970	1	48
1705	12766	00:00.0	2020	498757	CI	1950	75	6	520.74	6	CI	1950	1	70
1611	7141	09:48.0	2017	497804	PVC	2010	15	8	77.86	8	PVC	2010	1	7
1618	7277	38:15.0	2014	490633	GS	1955	70	2	908.47	2	GS	1955	1	59
1625	16789	07:27.0	2018	499766	DI	1987	38	18	118.23	18	DI	1987	1	31
1710	17740	43:31.0	2018	493306	CSC	1969	56	18	50.07	18	CSC	1969	1	49
1711	17947	50:42.0	2016	493515	PVC	1997	28	4	5999.02	4	PVC	1997	1	19
1712	20668	11:26.0	2014	494112	GS	1979	46	1.5	514.08	1.5	GS	1979	1	35
1714	20686	09:06.0	2012	494130	PVC	1993	32	12	427.69	12	PVC	1993	1	19
1715	20784	01:05.0	2015	494228	PVC	1990	35	2	10.45	2	PVC	1990	1	25
1717	23257	47:24.0	2015	494936	CI	1950	75	2	453.12	2	CI	1950	1	65
1718	23257	31:21.0	2018	494936	CI	1950	75	2	453.12	2	CI	1950	1	68
1719	2521	54:11.0	2014	489691	CI	1966	59	2	424.07	2	CI	1966	1	48
1743	5063	02:12.0	2019	497424	PVC	2009	16	6	5.5	6	PVC	2009	1	10
1720	2521	48:12.0	2015	489691	CI	1966	59	2	424.07	2	CI	1966	1	49
1721	2521	00:00.0	2020	489691	CI	1966	59	2	424.07	2	CI	1966	1	54
1626	16807	53:23.0	2012	499784	PVC	1998	27	6	357.15	6	PVC	1998	1	14
1716	23251	58:09.0	2020	494930	CI	1960	65	8	60.12	8	CI	1960	1	60
1748	9877	04:05.0	2018	504384	ASB	1977	48	8	105.01	8	ASB	1977	1	41
1729	26028	42:23.0	2018	508062	CI	1960	65	2	0.84	2	CI	1960	1	58
1730	26058	10:51.0	2018	508092	CI	1950	75	8	6.73	8	CI	1950	1	68
1722	4891	00:45.0	2014	497252	DI	2009	16	8	2.27	8	DI	2009	1	5
1627	19298	43:23.0	2020	511543	GS	2017	8	2	1.15	2	GS	2017	1	3
1628	19299	43:23.0	2020	511544	GS	2017	8	2	1.32	2	GS	2017	1	3
1637	17487	38:16.0	2014	511433	CI	1950	75	8	207.37	8	CI	1950	1	64
1638	17555	02:11.0	2017	511501	CI	1950	75	8	44.42	8	CI	1950	1	67
1642	19835	31:29.0	2015	500557	PVC	2005	20	8	307.17	8	PVC	2005	1	10
1739	5043	24:25.0	2019	497404	ASB	1967	58	4	457.1	4	ASB	1967	1	52
1740	5043	02:45.0	2018	497404	ASB	1967	58	4	457.1	4	ASB	1967	1	51
1749	12033	11:27.0	2017	504846	CI	1970	55	2	38.54	2	CI	1970	1	47
1750	16978	47:41.0	2020	499955	CI	1965	60	6	197.25	6	CI	1965	1	55
1741	5043	36:55.0	2018	497404	ASB	1967	58	4	457.1	4	ASB	1967	1	51
1742	5043	50:51.0	2023	497404	ASB	1967	58	4	457.1	4	ASB	1967	1	56
1644	4636	01:49.0	2023	503397	CI	1960	65	6	129.31	6	CI	1960	1	63
1744	5070	37:07.0	2016	497431	CI	1950	75	6	239.78	6	DI	1950	1	66
1606	1953	51:58.0	2017	502821	CI	1970	55	2	472.79	2	CI	1970	1	47
1746	7505	01:28.0	2016	490862	PVC	1989	36	6	6.88	6	PVC	1989	1	27
1747	7505	01:53.0	2016	490862	PVC	1989	36	6	6.88	6	PVC	1989	1	27
1654	367	03:25.0	2014	489238	CI	1950	75	2	400.6	2	CI	1950	1	64
1655	371	39:38.0	2012	489242	CI	1964	61	12	14.38	12	CI	1964	1	48
1656	540	03:25.0	2014	721882	CI	1950	75	2	22.28	2	CI	1950	1	64
1657	7906	25:37.0	2019	503893	CI	1954	71	6	385.18	6	CI	1954	1	65
1667	20244	19:38.0	2019	506522	CI	1950	75	6	88.17	6	CI	1950	1	69
1668	22603	39:57.0	2019	507182	PVC	2015	10	8	345.47	8	PVC	2015	1	4
1675	1064	24:11.0	2020	508484	CI	1950	75	4	54.02	4	CI	1950	1	70
1693	1409	33:14.0	2016	496312	CI	1950	75	4	241.98	4	CI	1950	1	66
1707	15252	54:55.0	2013	499542	CI	1957	68	6	985.67	6	CI	1957	1	56
1708	15252	39:45.0	2015	499542	CI	1957	68	6	985.67	6	CI	1957	1	58
1709	15252	51:55.0	2015	499542	CI	1957	68	6	985.67	6	CI	1957	1	58
1760	1768	18:25.0	2020	502636	CI	1955	70	6	555.62	6	CI	1955	1	65
1761	1768	38:27.0	2020	502636	CI	1955	70	6	555.62	6	CI	1955	1	65
1691	1269	56:27.0	2021	496353	PVC	1997	28	8	11.98	8	PVC	1997	1	24
1762	1768	13:14.0	2021	502636	CI	1955	70	6	555.62	6	CI	1955	1	66
1763	4173	02:09.0	2019	490003	CI	1973	52	6	395.44	6	CI	1973	1	46
1764	4196	24:24.0	2017	490026	CI	1970	55	2	185.55	2	CI	1970	1	47
1765	4196	42:22.0	2019	490026	CI	1970	55	2	185.55	2	CI	1970	1	49
1766	4196	50:28.0	2019	490026	CI	1970	55	2	185.55	2	CI	1970	1	49
1767	4235	30:34.0	2022	490065	CI	1960	65	6	64.98	6	CI	1960	1	62
1752	21429	15:40.0	2017	500940	PVC	2005	20	12	53.2	12	PVC	2005	1	12
1768	4247	51:15.0	2012	490077	CI	1960	65	2	398.48	2	CI	1960	1	52
1692	1409	16:12.0	2017	496312	CI	1950	75	4	241.98	4	CI	1950	1	67
1754	26081	44:57.0	2019	508115	GS	1978	47	2	5454.06	2	GS	1978	1	41
1755	26081	49:30.0	2022	508115	GS	1978	47	2	5454.06	2	GS	1978	1	44
1771	7330	19:26.0	2019	490686	DI	1960	65	4	446.4	4	VCT	1955	1	59
1725	18756	32:02.0	2012	506309	CI	1950	75	8	96.45	8	CI	1950	1	62
1726	18756	28:42.0	2022	506309	CI	1950	75	8	96.45	8	CI	1950	1	72
1727	18756	06:06.0	2016	506309	CI	1950	75	8	96.45	8	CI	1950	1	66
1728	25856	05:33.0	2017	507890	CI	1960	65	6	5.9	6	CI	1960	1	57
1791	17607	00:58.0	2013	493173	DI	1985	40	12	48.2	12	CI	1985	0	28
1769	4405	17:07.0	2019	503166	CI	1970	55	6	194.28	6	CI	1970	1	49
1770	4405	24:13.0	2019	503166	CI	1970	55	6	194.28	6	CI	1970	1	49
1772	7335	18:29.0	2012	490691	CI	1950	75	6	33.03	6	CI	1950	1	62
1723	18756	02:11.0	2017	506309	CI	1950	75	8	96.45	8	CI	1950	1	67
1724	18756	46:36.0	2022	506309	CI	1950	75	8	96.45	8	CI	1950	1	72
1775	21616	43:06.0	2014	501127	PVC	2003	22	12	63.73	12	PVC	2003	1	11
1780	1717	11:04.0	2021	502585	CI	1958	67	8	397.86	8	CI	1958	1	63
1781	1717	39:23.0	2019	502585	CI	1958	67	8	397.86	8	CI	1958	1	61
1731	54	37:49.0	2020	488925	PVC	1995	30	12	485.67	12	PVC	1995	1	25
1783	10795	03:24.0	2021	491606	CI	1954	71	6	447.49	6	CI	1954	1	67
1809	6892	34:45.0	2017	497554	CI	1950	75	2	24	2	CI	1950	1	67
1784	10795	09:42.0	2020	491606	CI	1954	71	6	447.49	6	CI	1954	1	66
1785	10795	43:09.0	2022	491606	CI	1954	71	6	447.49	6	CI	1954	1	68
1786	10795	56:12.0	2018	491606	CI	1954	71	6	447.49	6	CI	1954	1	64
1787	10795	47:25.0	2019	491606	CI	1954	71	6	447.49	6	CI	1954	1	65
1790	17501	55:02.0	2020	511447	DI	1979	46	8	304.83	8	DI	1979	1	41
1792	17635	51:14.0	2020	493201	PVC	1985	40	8	359.49	8	PVC	1985	1	35
1793	17635	00:00.0	2020	493201	PVC	1985	40	8	359.49	8	PVC	1985	1	35
1795	20004	30:10.0	2019	500726	PVC	2008	17	8	29.96	8	PVC	2008	1	11
1796	22015	58:15.0	2019	494611	CI	1949	76	6	507.52	6	CI	1949	1	70
1797	22015	18:16.0	2019	494611	CI	1949	76	6	507.52	6	CI	1949	1	70
1798	22015	21:59.0	2017	494611	CI	1949	76	6	507.52	6	CI	1949	1	68
1735	142	26:45.0	2018	489013	CI	1970	55	2	294.79	2	CI	1970	1	48
1807	4479	57:16.0	2021	503240	CI	1963	62	12	10.82	12	CI	1963	0	58
1732	135	50:26.0	2017	489006	CI	1965	60	6	110.91	6	CI	1965	1	52
1733	142	51:51.0	2014	489013	CI	1970	55	2	294.79	2	CI	1970	1	44
1825	12350	17:37.0	2018	491892	CI	1950	75	8	338.97	8	CI	1950	1	68
1826	12350	03:33.0	2021	491892	CI	1950	75	8	338.97	8	CI	1950	1	71
1827	12442	48:10.0	2020	491984	CI	1977	48	6	330.46	6	CI	1977	1	43
1828	12442	47:47.0	2023	491984	CI	1977	48	6	330.46	6	CI	1977	1	46
1829	12442	34:18.0	2019	491984	CI	1977	48	6	330.46	6	CI	1977	1	42
1830	12442	30:49.0	2023	491984	CI	1977	48	6	330.46	6	CI	1977	1	46
1799	22015	33:33.0	2018	494611	CI	1949	76	6	507.52	6	CI	1949	1	69
1800	22037	16:40.0	2014	494633	PVC	2003	22	12	31.76	12	PVC	2003	1	11
1833	24645	07:01.0	2016	501969	PVC	1989	36	6	220.36	6	PVC	1989	1	27
1834	24645	35:40.0	2018	501969	PVC	1989	36	6	220.36	6	PVC	1989	1	29
1835	24645	40:20.0	2018	501969	PVC	1989	36	6	220.36	6	PVC	1989	1	29
1801	22070	38:10.0	2016	494666	CI	1950	75	2	25.77	2	CI	1950	1	66
1794	19908	28:48.0	2021	500630	CI	1963	62	6	624.9	6	CI	1963	1	58
1734	142	51:00.0	2017	489013	CI	1970	55	2	294.79	2	CI	1970	1	47
1736	142	22:05.0	2012	489013	CI	1970	55	2	294.79	2	CI	1970	1	42
1818	9458	27:11.0	2017	491268	CI	1960	65	2	449.16	2	CI	1960	1	57
1819	9458	54:25.0	2014	491268	CI	1960	65	2	449.16	2	CI	1960	1	54
1820	9458	53:26.0	2021	491268	CI	1960	65	2	449.16	2	CI	1960	1	61
1821	12235	45:22.0	2015	505049	GS	1979	46	1.5	3859.63	1.5	GS	1979	0	36
1822	12251	19:48.0	2022	505065	CI	1954	71	6	221.64	6	CI	1954	1	68
1823	12330	40:25.0	2020	491872	CI	1956	69	6	207.09	6	CI	1956	1	64
1808	4498	31:00.0	2022	503259	CI	1960	65	12	237.06	12	CI	1960	1	62
1810	6916	29:01.0	2017	497578	CI	1950	75	6	331.53	6	CI	1950	1	67
1811	6916	17:32.0	2015	497578	CI	1950	75	6	331.53	6	CI	1950	1	65
1812	6916	06:43.0	2020	497578	CI	1950	75	6	331.53	6	CI	1950	1	70
1813	6916	09:34.0	2013	497578	CI	1950	75	6	331.53	6	CI	1950	1	63
1814	7110	53:22.0	2016	497773	PVC	2010	15	6	30.73	6	PVC	2010	1	6
1824	12330	38:02.0	2021	491872	CI	1956	69	6	207.09	6	CI	1956	1	65
1815	9238	07:31.0	2021	491048	PVC	1999	26	6	2222.38	6	PVC	1999	1	22
1816	9409	05:12.0	2019	491219	CI	1947	78	6	91.85	6	CI	1947	1	72
1779	1713	34:38.0	2022	502581	CI	1950	75	10	278.91	10	CI	1950	1	72
1836	24707	52:01.0	2020	502033	CI	1960	65	6	120.37	6	CI	1960	1	60
1817	9458	13:19.0	2018	491268	CI	1960	65	2	449.16	2	CI	1960	1	58
1837	24707	31:54.0	2022	502033	CI	1960	65	6	120.37	6	CI	1960	1	62
1802	24503	40:54.0	2017	501824	CI	1973	52	6	257.42	6	CI	1973	1	44
1803	24503	28:02.0	2014	501824	CI	1973	52	6	257.42	6	CI	1973	1	41
1738	190	11:55.0	2018	489061	PVC	1990	35	12	379.89	12	PVC	1990	1	28
1679	5660	23:11.0	2018	509113	PVC	2017	8	12	304.81	12	PVC	2017	1	1
1839	24759	53:14.0	2018	502087	CI	1960	65	8	166.94	8	CI	1960	1	58
1840	24759	22:24.0	2022	502087	CI	1960	65	8	166.94	8	CI	1960	1	62
1841	24759	56:09.0	2017	502087	CI	1960	65	8	166.94	8	CI	1960	1	57
1684	18515	10:38.0	2022	506068	CI	1950	75	2	42.78	2	CI	1950	1	72
1831	22389	02:28.0	2018	506968	CI	1950	75	6	1.08	6	CI	1950	1	68
1832	22389	46:16.0	2018	506968	CI	1950	75	6	1.08	6	CI	1950	1	68
1838	24759	02:47.0	2013	502087	CI	1960	65	8	166.94	8	CI	1960	1	53
1804	26765	19:26.0	2014	502393	CI	1950	75	8	291.43	8	CI	1950	1	64
1737	190	23:02.0	2017	489061	PVC	1990	35	12	379.89	12	PVC	1990	1	27
1842	545	13:59.0	2020	721898	CI	1950	75	4	51.81	4	CI	1950	1	70
1843	545	39:46.0	2012	721898	CI	1950	75	4	51.81	4	CI	1950	1	62
1686	20442	26:27.0	2014	506720	CI	1950	75	10	5	10	CI	1950	1	64
1753	23851	38:50.0	2019	512707	CI	1966	59	12	4.91	12	CI	1966	1	53
1756	26102	03:35.0	2012	502155	CI	1956	69	8	574.67	8	CI	1956	1	56
1757	26102	50:49.0	2012	502155	CI	1956	69	8	574.67	8	CI	1956	1	56
1758	26122	35:29.0	2022	502175	CI	1955	70	6	767.61	6	CI	1955	1	67
1759	26132	46:09.0	2017	502185	CI	1950	75	6	55.77	6	CI	1950	1	67
1773	14281	02:28.0	2018	492562	CI	1950	75	6	396.88	6	CI	1950	1	68
1774	14281	46:16.0	2018	492562	CI	1950	75	6	396.88	6	CI	1950	1	68
1776	24219	27:13.0	2022	507525	PVC	2008	17	8	150.04	8	PVC	2008	1	14
1778	26483	53:27.0	2014	496074	CI	1950	75	2	406.1	2	CI	1950	1	64
1782	8388	46:29.0	2018	509720	DI	1984	41	12	50.78	12	DI	1984	1	34
1788	15576	32:57.0	2016	510969	CI	1950	75	10	6.94	10	CI	1950	1	66
1862	25107	11:23.0	2015	495602	PVC	1985	40	2	1313.45	2	PVC	1985	1	30
1789	15597	47:33.0	2022	510990	CI	1970	55	4	396.37	4	CI	1970	1	52
1805	26863	57:13.0	2019	502491	PVC	2000	25	8	119.23	8	PVC	2000	1	19
1806	26905	43:37.0	2019	502533	CI	1950	75	6	60.72	6	CI	1950	1	69
1751	19025	23:55.0	2017	493744	PVC	2005	20	12	11.5	12	PVC	2005	1	12
1849	5479	50:03.0	2014	490533	CI	1960	65	2	388.73	2	CI	1960	1	54
1850	10546	05:12.0	2019	510179	CI	1947	78	6	7.59	6	CI	1947	1	72
1851	12914	49:26.0	2020	498905	CI	1952	73	6	272.24	6	CI	1952	1	68
1852	12914	22:43.0	2015	498905	CI	1952	73	6	272.24	6	CI	1952	1	63
1853	12928	03:01.0	2016	498919	CI	1972	53	6	184.7	6	CI	1972	1	44
1854	15770	00:02.0	2019	492780	PVC	1983	42	6	2080.86	6	PVC	1983	1	36
1855	15894	46:57.0	2013	492904	PVC	1986	39	12	10.22	12	PVC	1986	1	27
1856	18131	35:07.0	2022	500117	CI	1964	61	6	400.08	6	CI	1964	1	58
1857	18131	21:53.0	2022	500117	CI	1964	61	6	400.08	6	CI	1964	1	58
1859	22664	58:48.0	2017	507243	PVC	2015	10	2	16.59	2	PVC	2015	1	2
1777	24257	27:25.0	2018	507563	PVC	2009	16	8	196.76	8	PVC	2009	1	9
1844	3126	40:32.0	2012	508706	PVC	2003	22	12	9.07	12	PVC	2003	1	9
1879	1271	56:27.0	2021	754057	PVC	1997	28	8	237.48	8	PVC	1997	1	24
1860	22729	07:41.0	2013	501324	CI	1960	65	6	376.57	6	CI	1960	1	53
1845	5479	49:18.0	2015	490533	CI	1960	65	2	388.73	2	CI	1960	1	55
1846	5479	36:36.0	2022	490533	CI	1960	65	2	388.73	2	CI	1960	1	62
1745	5187	41:57.0	2016	490238	PVC	1999	26	6	171.19	6	PVC	1999	1	17
1884	3874	25:23.0	2017	503059	ASB	1979	46	4	500.7	4	ASB	1979	1	38
1885	3874	05:38.0	2021	503059	ASB	1979	46	4	500.7	4	ASB	1979	1	42
1886	3874	09:59.0	2018	503059	ASB	1979	46	4	500.7	4	ASB	1979	1	39
1887	3874	39:18.0	2018	503059	ASB	1979	46	4	500.7	4	ASB	1979	1	39
1888	3874	25:41.0	2018	503059	ASB	1979	46	4	500.7	4	ASB	1979	1	39
1889	3874	04:10.0	2019	503059	ASB	1979	46	4	500.7	4	ASB	1979	1	40
1890	3874	44:43.0	2017	503059	ASB	1979	46	4	500.7	4	ASB	1979	1	38
1891	3874	53:16.0	2019	503059	ASB	1979	46	4	500.7	4	ASB	1979	1	40
1892	3874	51:03.0	2023	503059	ASB	1979	46	4	500.7	4	ASB	1979	1	44
1893	3874	47:34.0	2023	503059	ASB	1979	46	4	500.7	4	ASB	1979	1	44
1894	3874	55:54.0	2019	503059	ASB	1979	46	4	500.7	4	ASB	1979	1	40
1895	3874	00:00.0	2022	503059	ASB	1979	46	4	500.7	4	ASB	1979	1	43
1896	3874	59:16.0	2012	503059	ASB	1979	46	4	500.7	4	ASB	1979	1	33
1897	3874	33:00.0	2014	503059	ASB	1979	46	4	500.7	4	ASB	1979	1	35
1898	3874	25:56.0	2020	503059	ASB	1979	46	4	500.7	4	ASB	1979	1	41
1899	3874	02:25.0	2016	503059	ASB	1979	46	4	500.7	4	ASB	1979	1	37
1900	4109	06:09.0	2013	489939	CI	1960	65	2	416.1	2	CI	1960	1	53
1901	6319	03:16.0	2012	503803	PVC	1999	26	6	1127.37	6	PVC	1999	1	13
1847	5479	11:03.0	2020	490533	CI	1960	65	2	388.73	2	CI	1960	1	60
1848	5479	11:54.0	2014	490533	CI	1960	65	2	388.73	2	CI	1960	1	54
1867	22818	27:25.0	2018	501413	CI	1955	70	6	334.66	6	CI	1955	1	63
1868	22902	37:01.0	2017	501497	PVC	2000	25	6	995.25	6	PVC	2000	1	17
1869	22960	04:32.0	2015	501555	PVC	2000	25	8	84.85	8	PVC	2000	1	15
1870	23029	43:12.0	2017	501624	CI	1960	65	6	793.09	6	CI	1960	1	57
1908	15254	58:14.0	2016	499544	CI	1957	68	6	891.84	6	CI	1957	1	59
1909	15254	22:57.0	2019	499544	CI	1957	68	6	891.84	6	CI	1957	1	62
1910	15254	50:37.0	2016	499544	CI	1957	68	6	891.84	6	CI	1957	1	59
1871	23029	10:17.0	2017	501624	CI	1960	65	6	793.09	6	CI	1960	1	57
1872	23029	20:53.0	2014	501624	CI	1960	65	6	793.09	6	CI	1960	1	54
1913	20662	43:55.0	2017	494106	GS	1979	46	1.5	321.83	1.5	GS	1979	1	38
1873	23037	21:54.0	2016	501632	PVC	1990	35	8	594.45	8	PVC	1990	1	26
1874	23070	23:15.0	2019	501665	CI	1960	65	6	399.18	6	CI	1960	1	59
1875	23070	05:47.0	2013	501665	CI	1960	65	6	399.18	6	CI	1960	1	53
1876	23078	45:23.0	2013	501673	PVC	1989	36	6	509.83	6	PVC	1989	1	24
1858	22659	58:48.0	2017	507238	PVC	2015	10	2	296.82	2	PVC	2015	1	2
1877	25271	07:55.0	2020	512854	CI	1971	54	12	335.36	12	CI	1971	1	49
1878	1264	47:41.0	2020	752903	CI	1965	60	6	44.39	6	CI	1965	1	55
1881	1406	00:25.0	2014	496309	CI	1950	75	2	357.91	2	CI	1950	1	64
1882	1406	43:10.0	2022	496309	CI	1950	75	2	357.91	2	CI	1950	1	72
1923	2513	50:20.0	2019	489683	CI	1961	64	2	262.67	2	CI	1961	1	58
1861	24911	37:23.0	2014	495406	PVC	2000	25	12	283.7	12	PVC	2000	1	14
1863	8288	30:21.0	2018	504275	PVC	2012	13	12	186.17	12	PVC	2012	0	6
1864	11079	46:29.0	2018	498343	DI	1984	41	12	153.18	12	DI	1984	1	34
1865	13432	52:33.0	2018	510523	CI	1950	75	2	286.42	2	CI	1950	1	68
1883	3855	51:07.0	2013	503040	PVC	1988	37	12	382.79	12	PVC	1988	1	25
1866	16076	57:30.0	2017	493087	CI	1955	70	6	337.66	6	CI	1955	1	62
1905	12581	04:14.0	2019	492126	CI	1960	65	2	348.7	2	CI	1960	1	59
1906	12656	49:56.0	2015	492210	CI	1951	74	6	386.03	6	CI	1951	1	64
1907	12656	40:58.0	2021	492210	CI	1951	74	6	386.03	6	CI	1951	1	70
1911	17770	46:57.0	2013	493337	PVC	1986	39	12	8.33	12	PVC	1986	1	27
1912	17998	24:14.0	2023	493566	CI	1958	67	6	283.05	6	CI	1958	1	65
1935	5068	55:54.0	2017	497429	CI	1950	75	2	16.73	2	CI	1950	1	67
1914	20670	51:45.0	2018	494114	GS	1979	46	1.5	711.25	1.5	GS	1979	1	39
1915	20748	49:13.0	2012	494192	CI	1950	75	8	4.39	8	CI	1950	1	62
1917	23109	38:32.0	2016	501704	CI	1950	75	6	328.23	6	CI	1950	1	66
1920	2335	36:21.0	2014	489505	CI	1950	75	6	330.57	6	CI	1950	1	64
1921	2335	31:43.0	2012	489505	CI	1950	75	6	330.57	6	CI	1950	1	62
1880	1296	00:00.0	2022	496199	CI	1950	75	8	342.15	8	CI	1950	1	72
1902	10184	32:13.0	2015	504692	PVC	2013	12	8	319	8	PVC	2013	1	2
1903	12491	47:18.0	2018	492033	CI	1970	55	6	22.55	6	CI	1970	1	48
1904	12525	26:59.0	2019	492067	PVC	1985	40	12	241.21	12	PVC	1985	1	34
1934	214	08:59.0	2018	489085	PVC	1988	37	2	53.38	2	PVC	1988	1	30
1916	20917	25:49.0	2018	494361	PVC	1984	41	6	5.02	6	PVC	1984	1	34
1918	23158	49:12.0	2015	512437	CI	1960	65	6	7.61	6	CI	1960	1	55
1919	25703	51:06.0	2017	507737	PVC	2010	15	6	443.33	6	PVC	2010	1	7
1922	2365	18:11.0	2021	489535	CI	1950	75	2	401.34	2	CI	1950	1	71
1924	4855	37:28.0	2018	497216	PVC	2009	16	8	203.7	8	PVC	2009	1	9
1925	18831	23:45.0	2014	506384	PVC	1984	41	12	8.35	12	PVC	1984	1	30
1955	4239	41:37.0	2018	490069	PVC	1989	36	6	60.28	6	PVC	1989	1	29
1926	26001	48:51.0	2017	508035	CI	1960	65	6	3.17	6	CI	1960	1	57
1931	27	25:44.0	2022	488898	GS	1979	46	1.5	2533.24	1.5	GS	1979	1	43
1932	46	18:06.0	2020	488917	CI	1950	75	2	811.56	2	CI	1950	1	70
1933	46	43:51.0	2022	488917	CI	1950	75	2	811.56	2	CI	1950	1	72
1936	5133	26:27.0	2022	490184	PVC	1995	30	3	92.58	3	PVC	1995	1	27
1937	5297	34:45.0	2017	490349	GS	1950	75	2	492.53	2	GS	1950	1	67
1941	9857	49:36.0	2021	504364	CI	1950	75	4	357.55	4	CI	1950	1	71
1927	13	21:36.0	2014	488884	PVC	2001	24	8	369.93	8	PVC	2001	1	13
1928	27	42:12.0	2021	488898	GS	1979	46	1.5	2533.24	1.5	GS	1979	1	42
1929	27	41:02.0	2021	488898	GS	1979	46	1.5	2533.24	1.5	GS	1979	1	42
1930	27	43:38.0	2015	488898	GS	1979	46	1.5	2533.24	1.5	GS	1979	1	36
1946	12105	36:10.0	2017	504918	CI	1970	55	2	1112.51	2	CI	1970	1	47
1961	4468	46:16.0	2014	503229	CSC	1964	61	18	1737.18	18	CSC	1964	1	50
1938	7528	20:16.0	2014	490885	CI	1955	70	6	229.78	6	CI	1955	1	59
1947	12105	15:54.0	2017	504918	CI	1970	55	2	1112.51	2	CI	1970	1	47
1939	7615	43:33.0	2017	490972	PVC	2016	9	2	165.62	2	PVC	2016	1	1
1948	12105	03:18.0	2019	504918	CI	1970	55	2	1112.51	2	CI	1970	1	49
1949	12105	01:42.0	2022	504918	CI	1970	55	2	1112.51	2	CI	1970	1	52
1940	7615	24:00.0	2017	490972	PVC	2016	9	2	165.62	2	PVC	2016	1	1
1963	7367	17:16.0	2021	490723	CI	1951	74	6	309.77	6	CI	1951	1	70
1942	11928	12:16.0	2018	504741	CI	1960	65	6	633.14	6	CI	1960	1	58
1943	11928	53:58.0	2017	504741	CI	1960	65	6	633.14	6	CI	1960	1	57
1944	11928	29:23.0	2018	504741	CI	1960	65	6	633.14	6	CI	1960	1	58
1945	12105	09:17.0	2015	504918	CI	1970	55	2	1112.51	2	CI	1970	1	45
1958	4292	51:35.0	2017	490128	PVC	1989	36	6	733.91	6	PVC	1989	1	28
1959	4292	38:17.0	2014	490128	PVC	1989	36	6	733.91	6	PVC	1989	1	25
1960	4292	48:37.0	2019	490128	PVC	1989	36	6	733.91	6	PVC	1989	1	30
1968	21642	33:40.0	2020	501153	CI	1950	75	4	504.28	4	CI	1950	1	70
1962	7147	38:16.0	2014	497810	CI	1950	75	6	208.51	6	CI	1950	1	64
1970	24206	48:39.0	2019	507512	PVC	2015	10	4	45.41	4	PVC	2015	1	4
1953	2010	00:19.0	2013	502878	PVC	2001	24	12	337.88	12	PVC	2001	1	12
1954	4157	00:56.0	2020	489987	CI	1970	55	8	7.4	8	CI	1970	1	50
1956	4292	41:45.0	2018	490128	PVC	1989	36	6	733.91	6	PVC	1989	1	29
1957	4292	09:36.0	2017	490128	PVC	1989	36	6	733.91	6	PVC	1989	1	28
1964	7386	39:55.0	2013	490742	PVC	2001	24	6	100.86	6	PVC	2001	1	12
1965	14059	40:09.0	2020	492340	CI	1966	59	12	285.68	12	CI	1966	1	54
1966	21642	38:58.0	2021	501153	CI	1950	75	4	504.28	4	CI	1950	1	71
1967	21642	01:44.0	2022	501153	CI	1950	75	4	504.28	4	CI	1950	1	72
1981	17622	03:58.0	2019	493188	CI	1950	75	1	124.66	1	CI	1950	0	69
1969	21824	14:04.0	2015	512376	CI	1951	74	8	24.78	8	DI	1951	1	64
1971	26630	00:00.0	2020	502258	CI	1950	75	6	476.82	6	CI	1950	1	70
1972	26630	54:15.0	2014	502258	CI	1950	75	6	476.82	6	CI	1950	1	64
1973	10943	36:38.0	2014	491754	CI	1950	75	8	323.15	8	CI	1950	1	64
1974	10943	06:19.0	2019	491754	CI	1950	75	8	323.15	8	CI	1950	1	69
1997	4478	57:16.0	2021	503239	CI	1963	62	12	28.43	12	CI	1963	0	58
1975	10943	34:28.0	2016	491754	CI	1950	75	8	323.15	8	CI	1950	1	66
1976	10943	19:58.0	2019	491754	CI	1950	75	8	323.15	8	CI	1950	1	69
1977	17585	43:44.0	2017	511531	CI	1950	75	8	28.13	8	CI	1950	1	67
1978	17585	47:12.0	2014	511531	CI	1950	75	8	28.13	8	CI	1950	1	64
1979	17585	00:00.0	2020	511531	CI	1950	75	8	28.13	8	CI	1950	1	70
1980	17596	43:23.0	2020	511542	GS	2017	8	2	2.81	2	GS	2017	1	3
1982	19935	06:20.0	2015	500657	CI	1950	75	6	428	6	CI	1950	1	65
1983	19935	50:12.0	2022	500657	CI	1950	75	6	428	6	CI	1950	1	72
1984	19935	04:55.0	2012	500657	CI	1950	75	6	428	6	CI	1950	1	62
1993	24582	17:39.0	2017	501905	CI	1960	65	2	398.81	2	CI	1960	1	57
1994	2153	00:00.0	2021	489322	CSC	1973	52	18	1255.98	18	CSC	1973	1	48
1995	2265	22:41.0	2014	489435	DI	1989	36	2	259.01	2	CI	1989	1	25
1996	2265	24:23.0	2018	489435	DI	1989	36	2	259.01	2	CI	1989	1	29
1998	4519	54:14.0	2022	503280	DI	1988	37	18	174.53	18	DI	1988	1	34
2000	9416	22:12.0	2022	491226	CI	1970	55	6	25.11	6	CI	1970	1	52
1985	19935	31:25.0	2012	500657	CI	1950	75	6	428	6	CI	1950	1	62
1986	21874	47:11.0	2014	494470	CI	1950	75	8	78.99	8	CI	1950	1	64
1989	24391	44:38.0	2015	507697	CI	1958	67	6	53.69	6	CI	1958	1	57
1990	24391	55:31.0	2018	507697	CI	1958	67	6	53.69	6	CI	1958	1	60
1992	24472	23:35.0	2016	501793	PVC	1997	28	8	283.38	8	PVC	1997	1	19
2005	14937	07:05.0	2019	499227	CI	1966	59	6	389.54	6	CI	1966	1	53
2006	22242	40:32.0	2012	494838	PVC	2003	22	12	14.93	12	PVC	2003	1	9
2007	22385	35:24.0	2015	506964	CI	1950	75	6	53.38	6	CI	1950	1	65
2021	12961	28:35.0	2013	498952	DI	1985	40	12	391.98	12	DI	1985	1	28
2022	12961	26:13.0	2020	498952	DI	1985	40	12	391.98	12	DI	1985	1	35
2008	24659	18:45.0	2017	501983	CI	1960	65	2	357.78	2	CI	1960	1	57
1952	14472	59:02.0	2017	505162	CI	1960	65	6	291.76	6	CI	1960	1	57
1951	14472	27:24.0	2018	505162	CI	1960	65	6	291.76	6	CI	1960	1	58
2009	24659	15:04.0	2017	501983	CI	1960	65	2	357.78	2	CI	1960	1	57
2010	24659	40:13.0	2018	501983	CI	1960	65	2	357.78	2	CI	1960	1	58
2011	24722	41:35.0	2014	502050	PVC	1989	36	6	700.36	6	PVC	1989	1	25
1999	4597	55:25.0	2015	503358	PVC	1989	36	18	36.64	18	PVC	1989	1	26
2030	3489	52:21.0	2013	489911	CI	1950	75	6	32.04	6	CI	1950	1	63
2031	3489	40:57.0	2016	489911	CI	1950	75	6	32.04	6	CI	1950	1	66
2032	3489	06:12.0	2018	489911	CI	1950	75	6	32.04	6	CI	1950	1	68
2033	3489	59:02.0	2018	489911	CI	1950	75	6	32.04	6	CI	1950	1	68
2034	3489	52:57.0	2020	489911	CI	1950	75	6	32.04	6	CI	1950	1	70
2035	3489	13:50.0	2018	489911	CI	1950	75	6	32.04	6	CI	1950	1	68
2036	3489	21:21.0	2019	489911	CI	1950	75	6	32.04	6	CI	1950	1	69
2001	9505	46:50.0	2017	491315	DI	1985	40	12	888.88	12	DI	1985	1	32
1950	14472	25:27.0	2017	505162	CI	1960	65	6	291.76	6	CI	1960	1	57
1987	22069	26:00.0	2019	494665	CI	1950	75	2	31.18	2	CI	1950	1	69
1988	22069	38:10.0	2016	494665	CI	1950	75	2	31.18	2	CI	1950	1	66
1991	24401	17:45.0	2018	501720	PVC	2000	25	8	1082.46	8	PVC	2000	1	18
2002	9505	00:00.0	2022	491315	DI	1985	40	12	888.88	12	DI	1985	1	37
2003	12258	36:20.0	2018	505072	PVC	2013	12	6	407.39	6	PVC	2013	1	5
2004	14885	38:36.0	2012	499175	CI	1950	75	6	554.06	6	CI	1950	1	62
2018	12837	01:11.0	2017	498828	CI	1950	75	6	27.02	6	DI	1950	1	67
2019	12894	18:24.0	2016	498885	PVC	2000	25	8	436.83	8	PVC	2000	1	16
2020	12924	37:52.0	2020	498915	CI	1952	73	6	20.77	6	CI	1952	1	68
2023	13086	37:52.0	2017	499077	ASB	1977	48	6	503.73	6	ASB	1977	1	40
2024	13086	13:12.0	2022	499077	ASB	1977	48	6	503.73	6	ASB	1977	1	45
2050	20441	38:51.0	2017	506719	CI	1950	75	8	5	8	CI	1950	1	67
2025	13086	20:55.0	2016	499077	ASB	1977	48	6	503.73	6	ASB	1977	1	39
2052	23058	31:12.0	2020	501653	PVC	1990	35	6	430.74	6	PVC	1990	1	30
2027	20191	31:23.0	2023	506469	CI	1950	75	6	178.67	6	CI	1950	1	73
2028	25145	20:33.0	2014	495640	PVC	1985	40	6	82.24	6	PVC	1985	1	29
2012	455	11:24.0	2015	715898	CI	1971	54	12	57.73	12	CI	1971	1	44
2037	3495	47:30.0	2017	490511	CI	1966	59	8	4.6	8	CI	1966	1	51
2013	589	12:03.0	2016	726197	PVC	1985	40	2	732.5	2	PVC	1985	1	31
2038	3495	52:59.0	2017	490511	CI	1966	59	8	4.6	8	CI	1966	1	51
2039	8297	49:54.0	2016	504284	CI	1966	59	12	221.07	12	CI	1966	1	50
2014	589	27:39.0	2023	726197	PVC	1985	40	2	732.5	2	PVC	1985	1	38
2015	8003	54:47.0	2020	503990	CI	1969	56	6	1295.61	6	CI	1969	1	51
2016	8071	42:14.0	2015	504058	CI	1950	75	6	313.64	6	CI	1950	1	65
2063	12495	23:43.0	2017	492037	CI	1970	55	6	137.51	6	CI	1970	1	47
2064	12495	47:01.0	2023	492037	CI	1970	55	6	137.51	6	CI	1970	1	53
2017	10607	21:51.0	2019	510240	CI	1950	75	12	169.04	12	CI	1950	1	69
2046	13351	36:59.0	2021	510442	PVC	2017	8	8	500.09	8	PVC	2017	1	4
2047	18326	16:08.0	2019	500325	PVC	2008	17	12	221.97	12	PVC	2008	1	11
2048	20421	48:07.0	2017	506699	CI	1960	65	2	7.97	2	CI	1960	1	57
2069	12565	47:32.0	2016	492108	PVC	1989	36	6	212.62	6	PVC	1989	1	27
2070	12565	25:29.0	2013	492108	PVC	1989	36	6	212.62	6	PVC	1989	1	24
2071	12720	46:57.0	2013	492274	PVC	1986	39	12	47.42	12	PVC	1986	1	27
2072	12729	48:23.0	2018	492283	PVC	1985	40	12	20.17	12	PVC	1985	1	33
2049	20421	02:11.0	2017	506699	CI	1960	65	2	7.97	2	CI	1960	1	57
2051	22869	48:24.0	2016	501464	PVC	2000	25	8	113.19	8	PVC	2000	1	16
2053	23060	59:38.0	2020	501655	PVC	1989	36	6	32.82	6	PVC	1989	1	31
2026	13098	47:31.0	2014	499089	CI	1950	75	6	211.94	6	CI	1950	1	64
2054	23096	34:47.0	2012	501691	DI	1990	35	18	388.67	18	DI	1990	1	22
2055	25264	10:04.0	2020	512847	CI	1954	71	12	5.49	12	DI	1954	1	66
2029	3299	00:53.0	2022	508879	CI	1977	48	6	23.9	6	CI	1977	1	45
2080	20672	39:35.0	2023	494116	GS	1979	46	1.5	597.04	1.5	GS	1979	1	44
2081	20750	28:25.0	2018	494194	CI	1950	75	8	219.89	8	CI	1950	1	68
2082	20750	28:00.0	2020	494194	CI	1950	75	8	219.89	8	CI	1950	1	70
2083	20750	41:57.0	2013	494194	CI	1950	75	8	219.89	8	CI	1950	1	63
2040	11241	07:26.0	2019	498505	CI	1950	75	8	511.84	8	CI	1950	1	69
2085	23160	46:09.0	2017	512439	CI	1950	75	6	9.79	6	CI	1950	1	67
2041	11241	17:14.0	2019	498505	CI	1950	75	8	511.84	8	CI	1950	1	69
2042	11241	45:36.0	2022	498505	CI	1950	75	8	511.84	8	CI	1950	1	72
2043	11244	45:12.0	2022	498508	CI	1950	75	8	80.9	8	CI	1950	1	72
2044	11246	45:58.0	2020	498510	CI	1950	75	6	13.58	6	CI	1950	1	70
2045	11293	17:38.0	2014	498557	PVC	2006	19	8	468.16	8	PVC	2006	1	8
2067	12555	28:01.0	2017	492098	PVC	1989	36	2	553.75	2	PVC	1989	1	28
2068	12555	01:02.0	2018	492098	PVC	1989	36	2	553.75	2	PVC	1989	1	29
2073	12780	59:18.0	2013	498771	CI	1949	76	10	479.01	10	DI	1949	1	64
2074	12780	44:58.0	2017	498771	CI	1949	76	10	479.01	10	DI	1949	1	68
2075	12797	58:02.0	2017	498788	CI	1950	75	8	200.42	8	CI	1950	1	67
2076	12804	35:24.0	2015	498795	CI	1950	75	6	335.62	6	CI	1950	1	65
2077	12804	15:47.0	2022	498795	CI	1950	75	6	335.62	6	CI	1950	1	72
2078	12804	21:55.0	2022	498795	CI	1950	75	6	335.62	6	CI	1950	1	72
2099	5067	21:33.0	2013	497428	CI	1950	75	2	357.79	2	CI	1950	1	63
2100	5067	33:41.0	2013	497428	CI	1950	75	2	357.79	2	CI	1950	1	63
2101	5067	03:04.0	2015	497428	CI	1950	75	2	357.79	2	CI	1950	1	65
2102	5067	18:47.0	2015	497428	CI	1950	75	2	357.79	2	CI	1950	1	65
2103	5067	43:42.0	2014	497428	CI	1950	75	2	357.79	2	CI	1950	1	64
2104	5067	55:54.0	2017	497428	CI	1950	75	2	357.79	2	CI	1950	1	67
2079	17729	42:23.0	2017	493295	CI	1950	75	2	191.16	2	CI	1950	1	67
2056	1213	20:41.0	2020	750849	GS	1966	59	2	70.1	2	GS	1966	1	54
2057	1213	42:45.0	2020	750849	GS	1966	59	2	70.1	2	GS	1966	1	54
2058	1213	47:27.0	2020	750849	GS	1966	59	2	70.1	2	GS	1966	1	54
2059	6357	40:19.0	2012	503841	DI	1981	44	12	6.75	12	DI	1981	1	31
2110	10008	41:37.0	2017	504516	CI	1950	75	4	546.48	4	CI	1950	1	67
2060	8912	42:42.0	2016	809725	CI	1950	75	2	373.09	2	CI	1950	1	66
2061	8912	25:44.0	2022	809725	CI	1950	75	2	373.09	2	CI	1950	1	72
2062	8912	02:38.0	2015	809725	CI	1950	75	2	373.09	2	CI	1950	1	65
2086	23346	41:47.0	2013	495042	CI	1979	46	8	205.32	8	CI	1979	1	34
2087	710	26:00.0	2021	733953	DI	2020	5	12	871.64	12	DI	2020	1	1
2065	12504	00:00.0	2020	492046	CI	1974	51	8	46.8	8	CI	1974	1	46
2066	12555	35:44.0	2017	492098	PVC	1989	36	2	553.75	2	PVC	1989	1	28
2092	11320	15:36.0	2013	498584	PVC	2006	19	8	19.38	8	PVC	2006	1	7
2093	25925	43:06.0	2014	507959	PVC	2003	22	12	19.19	12	PVC	2003	1	11
2094	25960	06:09.0	2013	507994	CI	1960	65	2	3.96	2	CI	1960	1	53
2095	87	23:47.0	2023	488958	GS	1989	36	2	91.13	2	GS	1989	1	34
2098	5049	58:39.0	2015	497410	CI	1950	75	2	291.27	2	CI	1950	1	65
2106	9883	24:59.0	2018	504390	CI	1970	55	8	65.37	8	CI	1970	1	48
2084	20806	04:16.0	2018	494250	PVC	1989	36	6	47.02	6	PVC	1989	1	29
2107	9903	47:57.0	2016	504410	PVC	1990	35	2	237.24	2	PVC	1990	1	26
2108	9903	47:33.0	2019	504410	PVC	1990	35	2	237.24	2	PVC	1990	1	29
2109	9903	33:48.0	2016	504410	PVC	1990	35	2	237.24	2	PVC	1990	1	26
2128	4170	44:29.0	2020	490000	CI	1978	47	6	323.16	6	CI	1978	1	42
2129	4170	30:33.0	2019	490000	CI	1978	47	6	323.16	6	CI	1978	1	41
2111	10017	48:56.0	2016	504525	CI	1960	65	8	433.53	8	CI	1960	1	56
2112	14481	49:04.0	2016	505171	ASB	1950	75	6	505.5	6	ASB	1950	1	66
2132	4250	00:00.0	2021	490080	CI	1960	65	2	760.43	2	CI	1960	1	61
2133	4250	19:28.0	2013	490080	CI	1960	65	2	760.43	2	CI	1960	1	53
2134	4250	25:24.0	2019	490080	CI	1960	65	2	760.43	2	CI	1960	1	59
2135	4250	44:36.0	2014	490080	CI	1960	65	2	760.43	2	CI	1960	1	54
2136	4250	42:58.0	2018	490080	CI	1960	65	2	760.43	2	CI	1960	1	58
2113	14481	08:23.0	2023	505171	ASB	1950	75	6	505.5	6	ASB	1950	1	73
2114	14481	14:16.0	2014	505171	ASB	1950	75	6	505.5	6	ASB	1950	1	64
2115	14493	07:52.0	2020	505183	PVC	2012	13	4	781.78	4	PVC	2012	1	8
2088	2464	00:00.0	2020	489634	CI	1966	59	6	530.46	6	CI	1966	1	54
2141	4274	03:00.0	2014	490105	PVC	1989	36	6	651.26	6	PVC	1989	1	25
2142	4275	47:40.0	2023	490106	PVC	1989	36	6	44.15	6	PVC	1989	1	34
2089	2464	17:25.0	2016	489634	CI	1966	59	6	530.46	6	CI	1966	1	50
2090	9013	01:12.0	2014	497978	PVC	2000	25	4	1.25	4	PVC	2000	1	14
2091	9107	46:08.0	2013	498072	CI	1950	75	8	414.96	8	CI	1950	1	63
2119	18872	59:33.0	2015	493591	CI	1973	52	6	3.51	6	CI	1973	1	42
2120	19041	20:54.0	2020	493760	CI	1963	62	12	353.95	12	CI	1963	1	57
2121	21459	44:55.0	2016	500970	CI	1950	75	4	197.96	4	CI	1950	1	66
2122	23885	13:40.0	2017	512741	GS	1952	73	2	4.88	2	GS	1952	1	65
2096	2727	16:08.0	2019	496643	PVC	2008	17	12	70.13	12	PVC	2008	1	11
2097	2866	50:08.0	2017	496786	DI	1989	36	18	834.41	18	DI	1989	1	28
2123	23885	41:37.0	2020	512741	GS	1952	73	2	4.88	2	GS	1952	1	68
2105	7593	04:32.0	2015	490950	PVC	2000	25	8	14.28	8	PVC	2000	1	15
2124	23885	18:30.0	2015	512741	GS	1952	73	2	4.88	2	GS	1952	1	63
2155	16788	39:29.0	2021	499765	DI	1987	38	18	407.93	18	DI	1987	1	34
2156	16788	01:18.0	2020	499765	DI	1987	38	18	407.93	18	DI	1987	1	33
2157	16788	42:07.0	2013	499765	DI	1987	38	18	407.93	18	DI	1987	1	26
2158	16788	50:06.0	2021	499765	DI	1987	38	18	407.93	18	DI	1987	1	34
2125	23919	28:46.0	2014	512775	CI	1950	75	6	158.25	6	CI	1950	1	64
2126	23919	35:42.0	2018	512775	CI	1950	75	6	158.25	6	CI	1950	1	68
2127	2016	45:03.0	2020	502884	CI	1951	74	6	1014.7	6	CI	1951	1	69
2130	4246	49:08.0	2022	490076	CI	1960	65	1	55.42	1	CI	1960	0	62
2131	4246	40:40.0	2017	490076	CI	1960	65	1	55.42	1	CI	1960	0	57
2137	4274	03:33.0	2020	490105	PVC	1989	36	6	651.26	6	PVC	1989	1	31
2138	4274	45:03.0	2017	490105	PVC	1989	36	6	651.26	6	PVC	1989	1	28
2139	4274	19:02.0	2012	490105	PVC	1989	36	6	651.26	6	PVC	1989	1	23
2140	4274	19:57.0	2019	490105	PVC	1989	36	6	651.26	6	PVC	1989	1	30
2116	14567	34:19.0	2018	505261	CI	1950	75	2	341.62	2	CI	1950	1	68
2117	14567	32:32.0	2019	505261	CI	1950	75	2	341.62	2	CI	1950	1	69
2118	18872	25:48.0	2013	493591	CI	1973	52	6	3.51	6	CI	1973	1	40
2143	4421	27:55.0	2022	503182	CI	1950	75	12	121.74	12	CI	1950	0	72
2144	7233	04:44.0	2020	490588	CI	1959	66	6	297.38	6	CI	1959	1	61
2147	7359	01:53.0	2020	490715	PVC	1985	40	12	45.18	12	PVC	1985	1	35
2148	9788	10:20.0	2021	504295	CI	1950	75	4	413.49	4	CI	1950	1	71
2149	9840	44:47.0	2022	504347	CI	1970	55	8	340.42	8	CI	1970	1	52
2176	24584	35:37.0	2015	501907	CI	1950	75	6	226.93	6	CI	1950	1	65
2177	24584	31:57.0	2016	501907	CI	1950	75	6	226.93	6	CI	1950	1	66
2150	9840	51:28.0	2022	504347	CI	1970	55	8	340.42	8	CI	1970	1	52
2151	14236	19:27.0	2013	492517	CI	1979	46	8	18.07	8	CI	1979	1	34
2152	14236	58:03.0	2013	492517	CI	1979	46	8	18.07	8	CI	1979	1	34
2153	14236	10:34.0	2013	492517	CI	1979	46	8	18.07	8	CI	1979	1	34
2182	6914	24:32.0	2022	497576	CI	1951	74	2	888.3	2	CI	1951	1	71
2154	16642	14:40.0	2021	499619	PVC	1994	31	8	342.3	8	PVC	1994	1	27
2159	21597	34:19.0	2015	501108	PVC	1986	39	18	594.72	18	PVC	1986	1	29
2185	12398	24:24.0	2014	491940	GS	1966	59	2	574.92	2	GS	1966	1	48
2186	12398	34:27.0	2020	491940	GS	1966	59	2	574.92	2	GS	1966	1	54
2160	26612	13:35.0	2021	502240	CI	1950	75	8	486.43	8	CI	1950	1	71
2161	26634	40:05.0	2021	502262	CI	1966	59	6	408.31	6	CI	1966	1	55
2162	6016	02:16.0	2020	503500	CI	1950	75	6	127.61	6	CI	1950	1	70
2163	6016	07:57.0	2022	503500	CI	1950	75	6	127.61	6	CI	1950	1	72
2164	6118	11:38.0	2019	503602	CI	1950	75	8	305.12	8	CI	1950	1	69
2165	6118	43:17.0	2022	503602	CI	1950	75	8	305.12	8	CI	1950	1	72
2166	6118	49:56.0	2012	503602	CI	1950	75	8	305.12	8	CI	1950	1	62
2167	10937	34:13.0	2017	491748	CI	1950	75	6	372.97	6	CI	1950	1	67
2168	10942	43:44.0	2017	491753	CI	1950	75	8	35.9	8	CI	1950	1	67
2169	10942	47:12.0	2014	491753	CI	1950	75	8	35.9	8	CI	1950	1	64
2170	10942	00:00.0	2020	491753	CI	1950	75	8	35.9	8	CI	1950	1	70
2198	12922	00:32.0	2013	498913	PVC	2003	22	8	588.18	8	PVC	2003	1	10
2145	7297	48:21.0	2023	490653	DI	1995	30	6	20.71	6	DI	1995	1	28
2146	7359	48:23.0	2018	490715	PVC	1985	40	12	45.18	12	PVC	1985	1	33
2201	20120	42:36.0	2014	500842	CI	1950	75	4	455.25	4	CI	1950	1	64
2174	17697	13:06.0	2022	493263	GS	1950	75	2	692.94	2	GS	1950	1	72
2175	17697	23:26.0	2021	493263	GS	1950	75	2	692.94	2	GS	1950	1	71
2178	26887	57:32.0	2019	502515	PVC	2005	20	6	430.95	6	PVC	2005	1	14
2179	26901	23:43.0	2017	502529	PVC	1989	36	6	16.4	6	PVC	1989	1	28
2206	3492	53:41.0	2018	757654	PVC	1980	45	1.5	499.85	1.5	PVC	1980	0	38
2171	13496	31:23.0	2018	510587	CI	1950	75	6	4.05	6	CI	1950	1	68
2172	17502	55:02.0	2020	511448	CI	1979	46	8	15.48	8	CI	1979	1	41
2173	17697	26:33.0	2017	493263	GS	1950	75	2	692.94	2	GS	1950	1	67
2180	2244	58:59.0	2017	489413	PVC	1997	28	4	3910.18	4	PVC	1997	1	20
2181	4662	17:17.0	2020	503423	CI	1970	55	8	180.47	8	CI	1970	1	50
2183	6921	44:46.0	2022	497583	CI	1950	75	8	245.62	8	CI	1950	1	72
2184	9518	05:12.0	2019	491328	PVC	2001	24	12	826.85	12	PVC	2001	1	18
2187	12445	46:52.0	2013	491987	GS	1959	66	2	479.86	2	GS	1959	1	54
2188	12445	25:35.0	2013	491987	GS	1959	66	2	479.86	2	GS	1959	1	54
2216	23055	30:49.0	2019	501650	CI	1960	65	6	25.22	6	CI	1960	1	59
2217	23055	33:38.0	2018	501650	CI	1960	65	6	25.22	6	CI	1960	1	58
2189	12445	32:25.0	2012	491987	GS	1959	66	2	479.86	2	GS	1959	1	53
2219	1294	52:46.0	2013	496197	CI	1950	75	2	769.38	2	CI	1950	1	63
2190	22253	43:41.0	2015	494849	PVC	2006	19	12	157.99	12	PVC	2006	1	9
2191	24781	10:19.0	2014	502109	CI	1960	65	6	817.83	6	CI	1960	1	54
2193	3150	56:45.0	2019	508730	CI	1950	75	6	5.01	6	CI	1950	1	69
2203	939	17:19.0	2017	508358	CI	1950	75	2	1.11	2	CI	1950	1	67
2224	12652	59:21.0	2017	492206	ASB	1950	75	8	95.2	8	ASB	1950	1	67
2194	3174	58:02.0	2017	508754	CI	1950	75	8	170.18	8	CI	1950	1	67
2195	8029	52:20.0	2018	504016	CI	1970	55	8	309.46	8	CI	1970	1	48
2196	8029	22:27.0	2018	504016	CI	1970	55	8	309.46	8	CI	1970	1	48
2197	12908	44:37.0	2018	498899	CI	1950	75	6	556.57	6	CI	1950	1	68
2199	13000	23:42.0	2015	498991	CSC	1973	52	18	4.8	18	CSC	1973	1	42
2230	20665	43:41.0	2013	494109	ASB	1979	46	4	106.62	4	ASB	1979	1	34
2231	20665	46:53.0	2022	494109	ASB	1979	46	4	106.62	4	ASB	1979	1	43
2232	20665	55:07.0	2016	494109	ASB	1979	46	4	106.62	4	ASB	1979	1	37
2233	20666	02:05.0	2016	494110	ASB	1979	46	4	2410.94	4	ASB	1979	1	37
2234	20666	13:48.0	2020	494110	ASB	1979	46	4	2410.94	4	ASB	1979	1	41
2235	20666	35:51.0	2020	494110	ASB	1979	46	4	2410.94	4	ASB	1979	1	41
2236	20666	06:52.0	2021	494110	ASB	1979	46	4	2410.94	4	ASB	1979	1	42
2237	20666	58:06.0	2015	494110	ASB	1979	46	4	2410.94	4	ASB	1979	1	36
2238	20666	04:41.0	2021	494110	ASB	1979	46	4	2410.94	4	ASB	1979	1	42
2239	20666	44:36.0	2017	494110	ASB	1979	46	4	2410.94	4	ASB	1979	1	38
2240	20666	02:55.0	2018	494110	ASB	1979	46	4	2410.94	4	ASB	1979	1	39
2241	20666	50:05.0	2018	494110	ASB	1979	46	4	2410.94	4	ASB	1979	1	39
2242	20666	23:45.0	2023	494110	ASB	1979	46	4	2410.94	4	ASB	1979	1	44
2243	20666	37:40.0	2017	494110	ASB	1979	46	4	2410.94	4	ASB	1979	1	38
2244	20666	58:04.0	2018	494110	ASB	1979	46	4	2410.94	4	ASB	1979	1	39
2245	20666	24:47.0	2018	494110	ASB	1979	46	4	2410.94	4	ASB	1979	1	39
2246	20666	22:10.0	2019	494110	ASB	1979	46	4	2410.94	4	ASB	1979	1	40
2247	20666	53:14.0	2020	494110	ASB	1979	46	4	2410.94	4	ASB	1979	1	41
2248	20666	04:04.0	2012	494110	ASB	1979	46	4	2410.94	4	ASB	1979	1	33
2249	20666	07:01.0	2012	494110	ASB	1979	46	4	2410.94	4	ASB	1979	1	33
2250	20666	12:24.0	2015	494110	ASB	1979	46	4	2410.94	4	ASB	1979	1	36
2251	20666	47:53.0	2017	494110	ASB	1979	46	4	2410.94	4	ASB	1979	1	38
2252	20666	58:59.0	2014	494110	ASB	1979	46	4	2410.94	4	ASB	1979	1	35
2253	20666	39:54.0	2014	494110	ASB	1979	46	4	2410.94	4	ASB	1979	1	35
2254	20666	20:56.0	2018	494110	ASB	1979	46	4	2410.94	4	ASB	1979	1	39
2255	20666	15:44.0	2019	494110	ASB	1979	46	4	2410.94	4	ASB	1979	1	40
2256	20666	03:29.0	2020	494110	ASB	1979	46	4	2410.94	4	ASB	1979	1	41
2257	20666	18:22.0	2020	494110	ASB	1979	46	4	2410.94	4	ASB	1979	1	41
2258	20666	53:18.0	2020	494110	ASB	1979	46	4	2410.94	4	ASB	1979	1	41
2259	20666	05:28.0	2022	494110	ASB	1979	46	4	2410.94	4	ASB	1979	1	43
2260	20666	55:56.0	2020	494110	ASB	1979	46	4	2410.94	4	ASB	1979	1	41
2261	20666	08:42.0	2022	494110	ASB	1979	46	4	2410.94	4	ASB	1979	1	43
2225	12772	11:41.0	2016	498763	CI	1950	75	6	191.08	6	CI	1950	1	66
2204	1054	18:41.0	2019	508474	PVC	2016	9	8	107.97	8	PVC	2016	1	3
2205	3352	05:00.0	2021	508932	CI	1950	75	2	351.4	2	CI	1950	1	71
2207	5708	30:55.0	2018	509163	CI	1960	65	12	44.87	12	CI	1960	1	58
2211	13397	55:54.0	2014	510488	PVC	1985	40	12	8.4	12	PVC	1985	1	29
2212	16024	02:35.0	2021	493034	CI	1979	46	6	224.84	6	CI	1979	1	42
2213	16067	45:49.0	2022	493078	CI	1970	55	8	14.29	8	CI	1970	1	52
2214	18512	58:18.0	2017	506065	CI	1960	65	6	83.47	6	CI	1960	1	57
2215	18512	00:30.0	2017	506065	CI	1960	65	6	83.47	6	CI	1960	1	57
2218	1204	47:41.0	2020	750818	CI	1965	60	6	85	6	CI	1965	1	55
2220	4097	18:29.0	2012	489927	CI	1950	75	6	357.8	6	DI	1950	1	62
2221	12542	59:57.0	2017	492084	CI	1960	65	6	25.99	6	CI	1960	1	57
2222	12542	48:51.0	2017	492084	CI	1960	65	6	25.99	6	CI	1960	1	57
2192	305	23:08.0	2013	489176	CI	1960	65	2	180.84	2	CI	1960	1	53
2223	12549	54:23.0	2013	492091	CI	1960	65	2	441.71	2	CI	1960	1	53
2226	12772	03:26.0	2018	498763	CI	1950	75	6	191.08	6	CI	1950	1	68
2229	17956	48:35.0	2017	493524	PVC	1981	44	4	75.63	4	PVC	1981	0	36
2208	11042	58:05.0	2015	491853	CI	1960	65	6	507.15	6	CI	1960	1	55
2209	11044	35:09.0	2013	491855	ASB	1947	78	6	1079.93	6	ASB	1947	1	66
2210	11044	23:39.0	2018	491855	ASB	1947	78	6	1079.93	6	ASB	1947	1	71
2200	13055	36:14.0	2015	499046	CI	1960	65	8	794.67	8	CI	1960	1	55
2202	22560	49:43.0	2015	507139	PVC	2001	24	12	93.79	12	PVC	2001	1	14
2227	15100	58:09.0	2012	499390	PVC	1998	27	8	234.77	8	PVC	1998	1	14
2228	15307	10:53.0	2019	510700	PVC	1992	33	6	5.67	6	PVC	1992	1	27
2262	20666	54:39.0	2022	494110	ASB	1979	46	4	2410.94	4	ASB	1979	1	43
2263	20666	01:05.0	2015	494110	ASB	1979	46	4	2410.94	4	ASB	1979	1	36
2264	20666	39:44.0	2015	494110	ASB	1979	46	4	2410.94	4	ASB	1979	1	36
2265	20666	28:05.0	2015	494110	ASB	1979	46	4	2410.94	4	ASB	1979	1	36
2266	20666	33:12.0	2020	494110	ASB	1979	46	4	2410.94	4	ASB	1979	1	41
2267	20666	49:56.0	2022	494110	ASB	1979	46	4	2410.94	4	ASB	1979	1	43
2268	20666	22:50.0	2013	494110	ASB	1979	46	4	2410.94	4	ASB	1979	1	34
2269	20666	53:34.0	2013	494110	ASB	1979	46	4	2410.94	4	ASB	1979	1	34
2270	20666	11:29.0	2014	494110	ASB	1979	46	4	2410.94	4	ASB	1979	1	35
2271	20666	08:33.0	2015	494110	ASB	1979	46	4	2410.94	4	ASB	1979	1	36
2272	20666	47:21.0	2021	494110	ASB	1979	46	4	2410.94	4	ASB	1979	1	42
2273	20666	54:24.0	2013	494110	ASB	1979	46	4	2410.94	4	ASB	1979	1	34
2274	20666	57:46.0	2013	494110	ASB	1979	46	4	2410.94	4	ASB	1979	1	34
2275	20666	21:14.0	2013	494110	ASB	1979	46	4	2410.94	4	ASB	1979	1	34
2276	20666	36:10.0	2013	494110	ASB	1979	46	4	2410.94	4	ASB	1979	1	34
2283	2519	39:15.0	2019	489689	CI	1966	59	2	412.98	2	CI	1966	1	53
2284	2519	15:22.0	2016	489689	CI	1966	59	2	412.98	2	CI	1966	1	50
2291	105	11:19.0	2016	488976	CI	1955	70	2	265.8	2	CI	1955	1	61
2304	12102	06:20.0	2014	504915	CI	1970	55	4	1100.55	4	CI	1970	1	44
2305	12102	25:05.0	2021	504915	CI	1970	55	4	1100.55	4	CI	1970	1	51
2290	9212	35:01.0	2015	491022	PVC	1985	40	2	51.81	2	PVC	1985	1	30
2289	9212	02:16.0	2015	491022	PVC	1985	40	2	51.81	2	PVC	1985	1	30
2288	9212	43:53.0	2014	491022	PVC	1985	40	2	51.81	2	PVC	1985	1	29
2287	9171	36:25.0	2020	498136	CI	1954	71	6	191.79	6	CI	1954	1	66
2286	2538	57:31.0	2015	489708	CI	1950	75	2	451.58	2	CI	1950	1	65
2285	2532	17:19.0	2017	489702	CI	1950	75	2	320.13	2	CI	1950	1	67
2282	2471	01:12.0	2023	489641	CI	1955	70	6	917.33	6	CI	1955	1	68
2281	23403	04:29.0	2014	495099	CI	1970	55	8	433.62	8	CI	1970	1	44
2280	20936	06:55.0	2020	494380	CI	1970	55	2	269.3	2	CI	1970	1	50
2279	20736	35:40.0	2019	494180	CI	1950	75	14	350.52	14	CI	1950	1	69
2278	20736	04:16.0	2019	494180	CI	1950	75	14	350.52	14	CI	1950	1	69
2277	20736	08:14.0	2020	494180	CI	1950	75	14	350.52	14	CI	1950	1	70
2303	12076	11:45.0	2014	504889	PVC	1989	36	6	591.85	6	PVC	1989	1	25
2302	12076	06:55.0	2018	504889	PVC	1989	36	6	591.85	6	PVC	1989	1	29
2301	12076	35:19.0	2015	504889	PVC	1989	36	6	591.85	6	PVC	1989	1	26
2300	12076	55:00.0	2018	504889	PVC	1989	36	6	591.85	6	PVC	1989	1	29
2299	12076	17:16.0	2015	504889	PVC	1989	36	6	591.85	6	PVC	1989	1	26
2298	12076	34:53.0	2021	504889	PVC	1989	36	6	591.85	6	PVC	1989	1	32
2297	12076	20:57.0	2018	504889	PVC	1989	36	6	591.85	6	PVC	1989	1	29
2296	5235	00:00.0	2020	490286	CI	1960	65	6	2.09	6	CI	1960	1	60
2295	2839	04:15.0	2020	496759	PVC	1990	35	12	476.28	12	PVC	1990	1	30
2294	2668	18:29.0	2016	508675	CI	1954	71	6	26.23	6	CI	1954	1	62
2293	2668	09:40.0	2016	508675	CI	1954	71	6	26.23	6	CI	1954	1	62
2292	2668	03:08.0	2018	508675	CI	1954	71	6	26.23	6	CI	1954	1	64
2330	21646	13:59.0	2020	501157	CI	1950	75	4	506.36	4	CI	1950	1	70
2331	21646	39:46.0	2012	501157	CI	1950	75	4	506.36	4	CI	1950	1	62
2332	21754	49:03.0	2014	501265	ASB	1967	58	8	560.53	8	ASB	1967	1	47
2333	21754	24:32.0	2018	501265	ASB	1967	58	8	560.53	8	ASB	1967	1	51
2310	14460	22:29.0	2018	505150	PVC	2013	12	8	1.88	8	PVC	2013	1	5
2311	18880	32:20.0	2020	493599	CI	1963	62	12	239.79	12	CI	1963	1	57
2319	7261	00:16.0	2018	490617	CI	1952	73	6	297.19	6	CI	1952	1	66
2320	7261	54:38.0	2018	490617	CI	1952	73	6	297.19	6	CI	1952	1	66
2321	7261	00:15.0	2017	490617	CI	1952	73	6	297.19	6	CI	1952	1	65
2322	7261	27:31.0	2018	490617	CI	1952	73	6	297.19	6	CI	1952	1	66
2323	7261	46:51.0	2019	490617	CI	1952	73	6	297.19	6	CI	1952	1	67
2324	7358	48:23.0	2018	490714	PVC	1985	40	12	2.08	12	PVC	1985	1	33
2325	7382	49:57.0	2017	490738	CI	1953	72	6	430.02	6	CI	1953	1	64
2326	14241	40:55.0	2018	492522	PVC	1985	40	6	514.1	6	PVC	1985	1	33
2327	14241	51:32.0	2017	492522	PVC	1985	40	6	514.1	6	PVC	1985	1	32
2328	14241	29:39.0	2019	492522	PVC	1985	40	6	514.1	6	PVC	1985	1	34
2306	14418	18:54.0	2018	492700	CI	1979	46	8	344.03	8	CI	1979	1	39
2307	14418	50:08.0	2018	492700	CI	1979	46	8	344.03	8	CI	1979	1	39
2308	14418	46:00.0	2015	492700	CI	1979	46	8	344.03	8	CI	1979	1	36
2309	14421	36:15.0	2018	492703	CI	1970	55	6	350.2	6	CI	1970	1	48
2312	21397	49:12.0	2015	500907	CI	1960	65	6	404.2	6	CI	1960	1	55
2313	21426	28:12.0	2015	500937	CI	1965	60	6	692.75	6	CI	1965	1	50
2314	21452	00:27.0	2014	500963	PVC	2001	24	12	456.77	12	PVC	2001	1	13
2315	23882	14:04.0	2015	512738	CI	1951	74	8	2.21	8	CI	1951	1	64
2354	17606	50:58.0	2015	493172	CI	1950	75	10	264.65	10	CI	1950	1	65
2316	26160	15:52.0	2022	502213	CI	1950	75	6	387.77	6	CI	1950	1	72
2317	4234	00:05.0	2020	490064	CI	1960	65	2	44.4	2	CI	1960	1	60
2318	7261	32:54.0	2013	490617	CI	1952	73	6	297.19	6	CI	1952	1	61
2337	5978	06:14.0	2018	503462	CI	1950	75	6	323.36	6	CI	1950	1	68
2359	22071	38:10.0	2016	494667	CI	1950	75	2	39.73	2	CI	1950	1	66
2338	5978	44:41.0	2014	503462	CI	1950	75	6	323.36	6	CI	1950	1	64
2339	5978	44:15.0	2016	503462	CI	1950	75	6	323.36	6	CI	1950	1	66
2340	5999	19:17.0	2022	503483	CI	1950	75	8	46.9	8	CI	1950	1	72
2341	6198	43:24.0	2013	503682	ASB	1950	75	8	498.52	8	ASB	1950	1	63
2342	6256	56:27.0	2022	503740	CI	1950	75	6	139.15	6	CI	1950	1	72
2329	21544	43:29.0	2017	501055	CI	1950	75	2	844.75	2	CI	1950	1	67
2334	26616	21:57.0	2021	502244	ST	1950	75	8	494.62	8	ST	1950	1	71
2349	13493	29:15.0	2019	510584	CI	1950	75	1	183.08	1	CI	1950	0	69
2335	5978	37:48.0	2020	503462	CI	1950	75	6	323.36	6	CI	1950	1	70
2336	5978	42:16.0	2012	503462	CI	1950	75	6	323.36	6	CI	1950	1	62
2352	17576	30:23.0	2017	511522	CI	1950	75	6	1.73	6	CI	1950	1	67
2353	17576	41:21.0	2014	511522	CI	1950	75	6	1.73	6	CI	1950	1	64
2355	17673	27:44.0	2019	493239	CI	1950	75	6	958.48	6	CI	1950	1	69
2360	24474	24:44.0	2020	501795	CI	1970	55	6	48.4	6	CI	1970	1	50
2343	8590	10:02.0	2013	796493	GS	1979	46	1.5	649.98	1.5	GS	1979	1	34
2344	8590	37:51.0	2017	796493	GS	1979	46	1.5	649.98	1.5	GS	1979	1	38
2345	8590	11:00.0	2021	796493	GS	1979	46	1.5	649.98	1.5	GS	1979	1	42
2346	8590	46:16.0	2014	796493	GS	1979	46	1.5	649.98	1.5	GS	1979	1	35
2366	26873	56:13.0	2014	502501	CI	1949	76	10	160.09	10	CI	1949	1	65
2347	8590	34:57.0	2012	796493	GS	1979	46	1.5	649.98	1.5	GS	1979	1	33
2348	8590	55:40.0	2014	796493	GS	1979	46	1.5	649.98	1.5	GS	1979	1	35
2350	13580	03:04.0	2018	510671	CI	1955	70	6	1.45	6	CI	1955	1	63
2351	17446	02:11.0	2017	511392	CI	1950	75	8	6.46	8	CI	1950	1	67
2361	24562	32:59.0	2022	501885	PVC	2003	22	8	446.22	8	PVC	2003	1	19
2362	26658	50:17.0	2013	502286	ASB	1967	58	6	1073.07	6	ASB	1967	1	46
2363	26658	18:34.0	2018	502286	ASB	1967	58	6	1073.07	6	ASB	1967	1	51
2364	26658	50:56.0	2023	502286	ASB	1967	58	6	1073.07	6	ASB	1967	1	56
2356	21881	45:45.0	2021	494477	CI	1969	56	12	44.98	12	CI	1969	0	52
2388	12421	47:30.0	2016	491963	CI	1960	65	6	422.4	6	CI	1960	1	56
2389	12421	48:51.0	2017	491963	CI	1960	65	6	422.4	6	CI	1960	1	57
2357	21881	54:01.0	2013	494477	CI	1969	56	12	44.98	12	CI	1969	0	44
2358	21971	45:41.0	2015	494567	PVC	2006	19	8	61.83	8	PVC	2006	1	9
2374	4625	34:55.0	2022	503386	CI	1950	75	4	292.95	4	CI	1950	1	72
2384	12421	16:31.0	2016	491963	CI	1960	65	6	422.4	6	CI	1960	1	56
2385	12421	30:08.0	2017	491963	CI	1960	65	6	422.4	6	CI	1960	1	57
2386	12421	49:30.0	2018	491963	CI	1960	65	6	422.4	6	CI	1960	1	58
2387	12421	23:53.0	2020	491963	CI	1960	65	6	422.4	6	CI	1960	1	60
2365	26713	07:23.0	2021	502341	CI	1959	66	6	479.06	6	CI	1959	1	62
2375	4626	36:33.0	2019	503387	CI	1949	76	6	412.28	6	CI	1949	1	70
2376	4626	49:00.0	2020	503387	CI	1949	76	6	412.28	6	CI	1949	1	71
2377	4626	41:13.0	2012	503387	CI	1949	76	6	412.28	6	CI	1949	1	63
2378	6871	35:08.0	2019	497533	PVC	1982	43	8	143.36	8	PVC	1982	1	37
2379	6871	01:29.0	2020	497533	PVC	1982	43	8	143.36	8	PVC	1982	1	38
2403	12905	44:04.0	2019	498896	CI	1950	75	6	236.14	6	CI	1950	1	69
2404	12923	47:55.0	2020	498914	CI	1950	75	6	595.06	6	CI	1950	1	70
2405	12923	27:55.0	2022	498914	CI	1950	75	6	595.06	6	CI	1950	1	72
2406	12960	26:13.0	2020	498951	PVC	1985	40	12	5.89	12	PVC	1985	1	35
2367	2131	33:30.0	2018	489300	PVC	1984	41	12	1.92	12	PVC	1984	1	34
2380	6871	37:04.0	2020	497533	PVC	1982	43	8	143.36	8	PVC	1982	1	38
2381	9224	55:49.0	2022	491034	CI	1975	50	6	435.89	6	CI	1975	1	47
2410	15815	56:07.0	2014	492825	CI	1950	75	6	32.38	6	CI	1950	1	64
2411	15815	29:46.0	2014	492825	CI	1950	75	6	32.38	6	CI	1950	1	64
2368	2133	33:30.0	2018	489302	PVC	1984	41	12	43.85	12	PVC	1984	1	34
2382	9385	26:55.0	2020	491195	CI	1970	55	6	506.26	6	CI	1970	1	50
2414	935	13:16.0	2013	508354	CI	1973	52	6	2.16	6	CI	1973	1	40
2415	935	09:33.0	2020	508354	CI	1973	52	6	2.16	6	CI	1973	1	47
2416	935	22:11.0	2020	508354	CI	1973	52	6	2.16	6	CI	1973	1	47
2417	3348	47:32.0	2016	508928	PVC	1989	36	6	9	6	PVC	1989	1	27
2418	3496	47:30.0	2017	757683	CI	1966	59	8	328.8	8	CI	1966	1	51
2419	3496	52:59.0	2017	757683	CI	1966	59	8	328.8	8	CI	1966	1	51
2369	2202	13:05.0	2019	489371	CI	1960	65	6	171.63	6	CI	1960	1	59
2370	2207	03:06.0	2021	489376	CI	1970	55	2	294.65	2	CI	1970	1	51
2383	12421	48:22.0	2013	491963	CI	1960	65	6	422.4	6	CI	1960	1	53
2371	4505	09:17.0	2016	503266	PVC	1998	27	12	100.4	12	PVC	1998	1	18
2424	16073	23:43.0	2017	493084	CI	1970	55	6	122	6	CI	1970	1	47
2372	4516	54:14.0	2022	503277	DI	1988	37	18	435.02	18	DI	1988	1	34
2373	4609	26:38.0	2015	503370	CI	1969	56	12	1240.67	12	CI	1969	1	46
2393	14992	34:53.0	2019	499282	CI	1961	64	6	305.95	6	CI	1961	1	58
2428	23041	49:43.0	2015	501636	PVC	2001	24	12	736.83	12	PVC	2001	1	14
2394	14992	07:22.0	2023	499282	CI	1961	64	6	305.95	6	CI	1961	1	62
2395	24809	34:52.0	2021	502137	ASB	1967	58	6	1081.65	6	ASB	1967	1	54
2396	24809	41:50.0	2022	502137	ASB	1967	58	6	1081.65	6	ASB	1967	1	55
2397	24809	21:31.0	2022	502137	ASB	1967	58	6	1081.65	6	ASB	1967	1	55
2398	24809	59:50.0	2018	502137	ASB	1967	58	6	1081.65	6	ASB	1967	1	51
2399	287	47:52.0	2015	489158	CSC	1973	52	18	743.59	18	CSC	1973	1	42
2400	297	22:12.0	2022	489168	CI	1970	55	6	42.11	6	CI	1970	1	52
2401	7886	45:31.0	2018	503873	PVC	1990	35	2	159.97	2	PVC	1990	1	28
2402	10694	28:27.0	2019	491504	CI	1950	75	6	217.62	6	CI	1950	1	69
2407	12989	33:30.0	2018	498980	PVC	1984	41	12	1.2	12	PVC	1984	1	34
2408	13005	42:44.0	2020	498996	CI	1972	53	8	220.57	8	CI	1972	1	48
2409	15791	45:45.0	2019	492801	PVC	1997	28	6	215.75	6	PVC	1997	1	22
2412	18140	12:35.0	2018	500126	CI	1964	61	6	125.35	6	CI	1964	1	54
2420	11258	11:14.0	2018	498522	CI	1950	75	8	80.36	8	CI	1950	1	68
2390	14782	02:53.0	2017	505476	PVC	2006	19	2	437.54	2	PVC	2006	1	11
2391	14782	31:44.0	2017	505476	PVC	2006	19	2	437.54	2	PVC	2006	1	11
2392	14915	00:00.0	2021	499205	CI	1963	62	12	208.03	12	CI	1963	1	58
2429	25255	01:16.0	2018	512838	CI	1954	71	12	18.49	12	DI	1954	1	64
2430	25255	16:10.0	2018	512838	CI	1954	71	12	18.49	12	DI	1954	1	64
2449	12494	54:13.0	2012	492036	CI	1970	55	2	614.19	2	CI	1970	1	42
2450	12689	33:30.0	2018	492243	PVC	1984	41	12	3.4	12	PVC	1984	1	34
2431	25269	13:44.0	2019	512852	CI	1971	54	12	24.29	12	CI	1971	1	48
2433	1208	27:48.0	2012	750839	CI	1965	60	12	0.57	12	CI	1965	1	47
2442	4119	03:24.0	2013	489949	CI	1960	65	6	428.23	6	CI	1960	1	53
2443	4119	37:05.0	2013	489949	CI	1960	65	6	428.23	6	CI	1960	1	53
2413	20331	52:11.0	2019	506609	CI	1950	75	6	7.35	6	CI	1950	1	69
2444	4119	48:51.0	2017	489949	CI	1960	65	6	428.23	6	CI	1960	1	57
2421	13239	17:07.0	2019	510330	CI	1970	55	6	126.32	6	CI	1970	1	49
2422	13239	44:37.0	2022	510330	CI	1970	55	6	126.32	6	CI	1970	1	52
2423	13239	24:13.0	2019	510330	CI	1970	55	6	126.32	6	CI	1970	1	49
2460	18020	12:26.0	2018	493588	CI	1958	67	8	1294.33	8	CI	1958	1	60
2425	16144	14:44.0	2020	493157	CI	1978	47	6	274.61	6	CI	1978	1	42
2426	20412	36:44.0	2019	506690	CI	1960	65	6	3	6	DI	1960	1	59
2463	20673	47:34.0	2019	494117	GS	1979	46	1.5	1605.3	1.5	GS	1979	1	40
2464	23159	49:12.0	2015	512438	CI	1960	65	6	23	6	CI	1960	1	55
2427	22815	05:33.0	2017	501410	CI	1960	65	6	368.64	6	CI	1960	1	57
2448	10323	54:55.0	2017	509956	CI	1950	75	8	36	8	CI	1950	1	67
2451	12755	52:07.0	2021	498746	CI	1950	75	6	234.97	6	CI	1950	1	71
2452	12755	55:54.0	2020	498746	CI	1950	75	6	234.97	6	CI	1950	1	70
2453	12755	29:15.0	2020	498746	CI	1950	75	6	234.97	6	CI	1950	1	70
2434	1319	17:30.0	2017	496222	CI	1955	70	6	1488.48	6	CI	1955	1	62
2470	11460	02:11.0	2017	498724	CI	1950	75	8	198.69	8	CI	1950	1	67
2471	11460	32:02.0	2012	498724	CI	1950	75	8	198.69	8	CI	1950	1	62
2472	11460	06:06.0	2016	498724	CI	1950	75	8	198.69	8	CI	1950	1	66
2435	1319	05:24.0	2017	496222	CI	1955	70	6	1488.48	6	CI	1955	1	62
2436	1319	02:38.0	2017	496222	CI	1955	70	6	1488.48	6	CI	1955	1	62
2437	1319	26:28.0	2014	496222	CI	1955	70	6	1488.48	6	CI	1955	1	59
2438	1319	26:03.0	2017	496222	CI	1955	70	6	1488.48	6	CI	1955	1	62
2439	1319	43:24.0	2019	496222	CI	1955	70	6	1488.48	6	CI	1955	1	64
2440	1319	44:00.0	2021	496222	CI	1955	70	6	1488.48	6	CI	1955	1	66
2441	3993	42:52.0	2015	489822	GS	1953	72	2	562.02	2	GS	1953	1	62
2454	12760	36:22.0	2023	498751	CI	1950	75	6	412.33	6	CI	1950	1	73
2455	17810	49:00.0	2015	493377	CI	1966	59	2	423.4	2	CI	1966	1	49
2456	17810	15:48.0	2015	493377	CI	1966	59	2	423.4	2	CI	1966	1	49
2457	17810	41:29.0	2022	493377	CI	1966	59	2	423.4	2	CI	1966	1	56
2458	18020	33:58.0	2018	493588	CI	1958	67	8	1294.33	8	CI	1958	1	60
2459	18020	39:06.0	2021	493588	CI	1958	67	8	1294.33	8	CI	1958	1	63
2445	6274	55:15.0	2015	503758	CSC	1964	61	18	360.26	18	CSC	1964	1	51
2446	6398	56:43.0	2018	776814	CI	1960	65	6	89.04	6	CI	1960	1	58
2447	6398	06:38.0	2013	776814	CI	1960	65	6	89.04	6	CI	1960	1	53
2466	6735	49:26.0	2020	793233	CI	1952	73	6	86.75	6	CI	1952	1	68
2467	6735	22:43.0	2015	793233	CI	1952	73	6	86.75	6	CI	1952	1	63
2468	11332	55:00.0	2017	498596	CI	1950	75	6	192.32	6	CI	1950	1	67
2469	11368	21:38.0	2023	498632	PVC	2005	20	8	329.64	8	PVC	2005	1	18
2473	11472	47:43.0	2021	498736	CI	1950	75	8	243.65	8	CI	1950	1	71
2461	18022	25:41.0	2015	493590	CI	1973	52	2	602.11	2	CI	1973	1	42
2462	18022	33:29.0	2014	493590	CI	1973	52	2	602.11	2	CI	1973	1	41
2432	25353	00:00.0	2021	686468	PVC	2020	5	8	293.16	8	PVC	2020	1	1
2465	23194	27:20.0	2023	494873	CI	1950	75	8	155.7	8	CI	1950	1	73
2494	25957	35:37.0	2015	507991	PVC	1995	30	6	9.74	6	PVC	1995	1	20
2495	25957	31:57.0	2016	507991	PVC	1995	30	6	9.74	6	PVC	1995	1	21
2490	23605	26:15.0	2022	495301	ASB	1979	46	4	2459.27	4	ASB	1979	1	43
2501	45	25:51.0	2020	488916	CI	1955	70	6	461.54	6	CI	1955	1	65
2491	23605	55:01.0	2014	495301	ASB	1979	46	4	2459.27	4	ASB	1979	1	35
2492	23605	38:49.0	2014	495301	ASB	1979	46	4	2459.27	4	ASB	1979	1	35
2493	23605	17:30.0	2021	495301	ASB	1979	46	4	2459.27	4	ASB	1979	1	42
2499	3	18:30.0	2015	488874	GS	1952	73	1	178.81	1	GS	1952	0	63
2506	5069	55:54.0	2017	497430	GS	2010	15	2	2.92	2	GS	2010	1	7
2507	5136	10:53.0	2019	490187	PVC	1992	33	2	513.92	2	PVC	1992	1	27
2474	13979	09:43.0	2020	842793	ASB	1979	46	2	217.4	2	ASB	1979	1	41
2475	13979	40:49.0	2022	842793	ASB	1979	46	2	217.4	2	ASB	1979	1	43
2476	13979	46:41.0	2018	842793	ASB	1979	46	2	217.4	2	ASB	1979	1	39
2511	14480	00:00.0	2022	505170	ASB	1950	75	6	63.38	6	ASB	1950	1	72
2477	13979	35:46.0	2014	842793	ASB	1979	46	2	217.4	2	ASB	1979	1	35
2513	21458	56:43.0	2019	500969	CI	1950	75	4	374.42	4	CI	1950	1	69
2514	21458	34:11.0	2022	500969	CI	1950	75	4	374.42	4	CI	1950	1	72
2515	23884	14:04.0	2015	512740	CI	1951	74	8	1.31	8	CI	1951	1	64
2516	4160	00:00.0	2020	489990	CI	1951	74	2	480.28	2	CI	1951	1	69
2517	4160	21:48.0	2017	489990	CI	1951	74	2	480.28	2	CI	1951	1	66
2518	4160	51:35.0	2019	489990	CI	1951	74	2	480.28	2	CI	1951	1	68
2519	4160	35:42.0	2023	489990	CI	1951	74	2	480.28	2	CI	1951	1	72
2478	13979	40:05.0	2020	842793	ASB	1979	46	2	217.4	2	ASB	1979	1	41
2479	13979	21:21.0	2014	842793	ASB	1979	46	2	217.4	2	ASB	1979	1	35
2480	23605	43:15.0	2014	495301	ASB	1979	46	4	2459.27	4	ASB	1979	1	35
2481	23605	45:27.0	2016	495301	ASB	1979	46	4	2459.27	4	ASB	1979	1	37
2482	23605	35:59.0	2018	495301	ASB	1979	46	4	2459.27	4	ASB	1979	1	39
2483	23605	00:46.0	2013	495301	ASB	1979	46	4	2459.27	4	ASB	1979	1	34
2484	23605	59:21.0	2013	495301	ASB	1979	46	4	2459.27	4	ASB	1979	1	34
2485	23605	31:44.0	2019	495301	ASB	1979	46	4	2459.27	4	ASB	1979	1	40
2486	23605	00:00.0	2022	495301	ASB	1979	46	4	2459.27	4	ASB	1979	1	43
2500	3	34:16.0	2022	488874	GS	1952	73	1	178.81	1	GS	1952	0	70
2496	3	00:00.0	2021	488874	GS	1952	73	1	178.81	1	GS	1952	0	69
2497	3	13:40.0	2017	488874	GS	1952	73	1	178.81	1	GS	1952	0	65
2498	3	41:37.0	2020	488874	GS	1952	73	1	178.81	1	GS	1952	0	68
2487	23605	13:53.0	2023	495301	ASB	1979	46	4	2459.27	4	ASB	1979	1	44
2488	23605	51:41.0	2014	495301	ASB	1979	46	4	2459.27	4	ASB	1979	1	35
2489	23605	07:41.0	2022	495301	ASB	1979	46	4	2459.27	4	ASB	1979	1	43
2502	112	48:35.0	2017	488983	PVC	1981	44	4	27.84	4	PVC	1981	0	36
2537	17488	52:11.0	2019	511434	CI	1950	75	6	3.71	6	CI	1950	1	69
2538	17498	46:08.0	2013	511444	CI	1950	75	8	27.56	8	CI	1950	1	63
2539	17503	55:02.0	2020	511449	PVC	2008	17	14	425.32	14	PVC	2008	1	12
2540	17604	27:51.0	2013	493170	CI	1950	75	6	456.6	6	CI	1950	0	63
2503	121	54:55.0	2017	488992	CI	1960	65	8	765.51	8	CI	1960	1	57
2504	157	26:59.0	2022	489028	PVC	1989	36	2	203.83	2	PVC	1989	1	33
2505	238	39:55.0	2013	489109	PVC	2001	24	8	32.31	8	PVC	2001	1	12
2508	5176	22:16.0	2020	490227	CI	1979	46	6	39.85	6	CI	1979	1	41
2509	5248	07:52.0	2018	490299	PVC	1999	26	8	577.1	8	PVC	1999	1	19
2520	4167	38:51.0	2017	489997	CI	1950	75	8	362.5	8	CI	1950	1	67
2521	7290	49:08.0	2014	490646	CI	1950	75	2	445.06	2	CI	1950	1	64
2548	24475	44:56.0	2022	501796	CI	1970	55	6	228.89	6	CI	1970	1	52
2549	24475	24:44.0	2020	501796	CI	1970	55	6	228.89	6	CI	1970	1	50
2526	24256	54:09.0	2015	507562	PVC	2003	22	4	3.54	4	PVC	2003	1	12
2541	21984	48:32.0	2018	494580	CI	1950	75	2	333.87	2	CI	1950	1	68
2510	9860	55:15.0	2018	504367	CI	1950	75	4	277.27	4	CI	1950	1	68
2512	19050	44:31.0	2017	493769	CI	1950	75	8	482.85	8	CI	1950	1	67
2522	14149	47:25.0	2015	492430	PVC	1987	38	6	22.01	6	PVC	1987	1	28
2523	14153	24:23.0	2018	492434	CI	1950	75	8	253.31	8	CI	1950	1	68
2524	16529	25:56.0	2018	505778	PVC	2014	11	8	570.2	8	PVC	2014	1	4
2557	9457	36:03.0	2012	491267	CI	1960	65	6	9.67	6	CI	1960	1	52
2558	12420	34:40.0	2017	491962	CI	1960	65	6	374.15	6	CI	1960	1	57
2559	12447	47:28.0	2013	491989	CI	1954	71	6	740.62	6	CI	1954	1	59
2560	12447	34:20.0	2017	491989	CI	1954	71	6	740.62	6	CI	1954	1	63
2561	12447	36:07.0	2017	491989	CI	1954	71	6	740.62	6	CI	1954	1	63
2562	12447	13:42.0	2016	491989	CI	1954	71	6	740.62	6	CI	1954	1	62
2525	21667	31:14.0	2021	501178	DI	1985	40	12	424.57	12	DI	1985	1	36
2530	10936	18:12.0	2012	491747	CI	1950	75	6	159.3	6	CI	1950	1	62
2531	10936	41:03.0	2014	491747	CI	1950	75	6	159.3	6	CI	1950	1	64
2532	10950	37:19.0	2016	491761	CI	1950	75	6	336.37	6	CI	1950	1	66
2567	296	22:12.0	2022	489167	CI	1970	55	6	5.35	6	CI	1970	1	52
2534	13506	14:29.0	2019	510597	CI	1950	75	2	11.74	2	CI	1950	1	69
2542	24407	48:40.0	2021	501726	CI	1960	65	6	720.06	6	CI	1960	1	61
2543	24407	07:17.0	2014	501726	CI	1960	65	6	720.06	6	CI	1960	1	54
2544	24407	58:58.0	2018	501726	CI	1960	65	6	720.06	6	CI	1960	1	58
2545	24435	04:16.0	2018	501754	PVC	1989	36	6	508.5	6	PVC	1989	1	29
2546	24435	06:37.0	2015	501754	PVC	1989	36	6	508.5	6	PVC	1989	1	26
2553	2081	00:45.0	2014	502965	PVC	1985	40	8	477.9	8	PVC	1985	1	29
2554	2253	23:43.0	2017	489422	CI	1970	55	6	2.86	6	CI	1970	1	47
2547	24435	23:25.0	2014	501754	PVC	1989	36	6	508.5	6	PVC	1989	1	25
2577	15893	46:57.0	2013	492903	PVC	1986	39	12	6.56	12	PVC	1986	1	27
2550	26652	10:04.0	2020	502280	CI	1954	71	12	428.98	12	DI	1954	1	66
2555	2316	01:59.0	2013	489486	PVC	1986	39	12	4.21	12	PVC	1986	1	27
2551	26687	53:07.0	2012	502315	CI	1963	62	6	618.47	6	CI	1963	1	49
2527	26391	27:48.0	2012	495969	CI	1965	60	12	157.13	12	CI	1965	1	47
2528	6011	42:21.0	2018	503495	CI	1950	75	2	444.32	2	CI	1950	1	68
2529	8459	31:27.0	2017	509791	PVC	2012	13	12	80.53	12	PVC	2012	1	5
2533	10974	52:11.0	2019	491785	CI	1950	75	6	225.22	6	CI	1950	1	69
2585	11043	38:34.0	2015	491854	CI	1947	78	6	412.11	6	CI	1947	1	68
2535	13537	33:40.0	2020	510628	CI	1950	75	8	3.43	8	CI	1950	1	70
2536	15436	40:09.0	2020	510829	CI	1966	59	12	59.77	12	CI	1966	1	54
2552	2064	01:59.0	2013	502938	PVC	1986	39	12	1.17	12	PVC	1986	1	27
2570	5481	29:50.0	2022	490535	CI	1960	65	6	407.08	6	CI	1960	1	62
2571	5482	31:16.0	2022	490536	CI	1960	65	6	18.99	6	CI	1960	1	62
2591	16031	14:26.0	2016	493041	PVC	1990	35	2	667.64	2	PVC	1990	1	26
2592	16031	47:16.0	2016	493041	PVC	1990	35	2	667.64	2	PVC	1990	1	26
2593	16035	51:35.0	2018	493045	GS	1979	46	1.5	475.57	1.5	GS	1979	1	39
2572	10471	13:40.0	2017	510104	GS	1952	73	2	49.61	2	GS	1952	1	65
2573	10471	41:37.0	2020	510104	GS	1952	73	2	49.61	2	GS	1952	1	68
2574	10471	18:30.0	2015	510104	GS	1952	73	2	49.61	2	GS	1952	1	63
2575	15653	40:13.0	2019	511046	PVC	2002	23	12	9.75	12	PVC	2002	1	17
2576	15853	14:07.0	2012	492863	PVC	1999	26	8	393.46	8	PVC	1999	1	13
2578	22669	07:29.0	2021	507249	PVC	2015	10	12	149.57	12	PVC	2015	1	6
2600	22841	40:38.0	2020	501436	PVC	1981	44	8	198	8	PVC	1981	1	39
2579	22669	57:39.0	2023	507249	PVC	2015	10	12	149.57	12	PVC	2015	1	8
2556	9348	15:10.0	2021	491158	PVC	2003	22	8	262.2	8	PVC	2003	1	18
2603	23039	38:35.0	2019	501634	CI	1973	52	6	479.37	6	CI	1973	1	46
2604	23039	51:42.0	2016	501634	CI	1973	52	6	479.37	6	CI	1973	1	43
2605	23039	59:00.0	2014	501634	CI	1973	52	6	479.37	6	CI	1973	1	41
2606	23064	08:42.0	2022	501659	PVC	1989	36	6	54.59	6	PVC	1989	1	33
2607	1207	27:48.0	2012	750838	CI	1965	60	12	3.06	12	CI	1965	1	47
2563	12450	40:58.0	2020	491992	GS	1960	65	2	325.78	2	GS	1960	1	60
2564	17108	32:43.0	2015	505937	PVC	2001	24	8	840.71	8	PVC	2001	1	14
2565	24895	13:37.0	2019	495388	PVC	2000	25	8	1639.06	8	PVC	2000	1	19
2566	24895	45:03.0	2019	495388	PVC	2000	25	8	1639.06	8	PVC	2000	1	19
2568	5414	33:30.0	2018	490467	DI	1984	41	12	284.18	12	DI	1984	1	34
2569	5414	28:22.0	2021	490467	DI	1984	41	12	284.18	12	DI	1984	1	37
2589	13428	50:28.0	2019	510519	CI	1970	55	2	2.77	2	CI	1970	1	49
2615	12573	11:24.0	2015	492117	CI	1971	54	12	284.04	12	CI	1971	1	44
2594	16114	33:30.0	2018	493127	PVC	1982	43	6	679.93	6	PVC	1982	1	36
2595	16137	35:31.0	2019	493150	CI	1960	65	2	297.65	2	CI	1960	1	59
2618	12795	20:02.0	2022	498786	CI	1950	75	8	34.76	8	CI	1950	1	72
2601	22914	13:53.0	2019	501509	CI	1971	54	6	343.44	6	CI	1971	1	48
2620	20664	41:40.0	2015	494108	CSC	2011	14	4	3.03	4	ASB	2011	1	4
2621	20664	48:39.0	2019	494108	CSC	2011	14	4	3.03	4	ASB	2011	1	8
2622	20664	44:43.0	2017	494108	CSC	2011	14	4	3.03	4	ASB	2011	1	6
2623	20667	07:11.0	2019	494111	GS	1979	46	1.5	660.57	1.5	GS	1979	1	40
2602	22922	33:16.0	2013	501517	PVC	1986	39	10	197.55	10	PVC	1986	1	27
2625	20918	25:49.0	2018	494362	PVC	1984	41	6	4.84	6	PVC	1984	1	34
2626	20933	38:53.0	2012	494377	CI	1950	75	8	139.89	8	CI	1950	1	62
2580	22762	35:29.0	2015	501357	PVC	1996	29	8	258.92	8	PVC	1996	1	19
2581	3290	42:42.0	2016	508870	CI	1950	75	2	17.62	2	CI	1950	1	66
2582	3290	59:56.0	2022	508870	CI	1950	75	2	17.62	2	CI	1950	1	72
2630	23332	11:59.0	2020	495011	CI	1960	65	2	109.89	2	CI	1960	1	60
2583	3290	02:38.0	2015	508870	CI	1950	75	2	17.62	2	CI	1950	1	65
2584	3380	13:34.0	2020	508960	CI	1960	65	6	18.32	6	CI	1960	1	60
2586	13242	45:21.0	2018	510333	PVC	1984	41	6	232.18	6	PVC	1984	1	34
2587	13428	24:24.0	2017	510519	CI	1970	55	2	2.77	2	CI	1970	1	47
2588	13428	42:22.0	2019	510519	CI	1970	55	2	2.77	2	CI	1970	1	49
2616	12775	56:28.0	2020	498766	CI	1949	76	10	995.51	10	CI	1949	1	71
2590	15949	27:16.0	2016	492959	PVC	1992	33	2	1004.16	2	PVC	1992	1	24
2617	12775	13:10.0	2018	498766	CI	1949	76	10	995.51	10	CI	1949	1	69
2639	11333	03:36.0	2017	498597	CI	1950	75	6	172.15	6	CI	1950	1	67
2640	11453	32:57.0	2016	498717	CI	1950	75	10	199.24	10	CI	1950	1	66
2641	11469	23:34.0	2021	498733	CI	1950	75	12	272.48	12	CI	1950	1	71
2619	17797	56:45.0	2019	493364	CI	1950	75	8	1.02	8	CI	1950	1	69
2643	26054	23:46.0	2013	508088	CI	1950	75	4	48.65	4	CI	1950	1	63
2644	26054	13:46.0	2014	508088	CI	1950	75	4	48.65	4	CI	1950	1	64
2645	26054	39:01.0	2020	508088	CI	1950	75	4	48.65	4	CI	1950	1	70
2646	26054	49:33.0	2016	508088	CI	1950	75	4	48.65	4	CI	1950	1	66
2647	26054	37:01.0	2016	508088	CI	1950	75	4	48.65	4	CI	1950	1	66
2648	26057	54:00.0	2016	508091	CI	1950	75	8	99.01	8	CI	1950	1	66
2596	20362	29:20.0	2022	506640	PVC	2011	14	10	23.82	10	PVC	2011	1	11
2597	22808	30:07.0	2018	501403	CI	1950	75	6	475.58	6	CI	1950	1	68
2598	22808	51:38.0	2018	501403	CI	1950	75	6	475.58	6	CI	1950	1	68
2599	22808	27:25.0	2014	501403	CI	1950	75	6	475.58	6	CI	1950	1	64
2653	9882	30:22.0	2014	504389	CI	1950	75	2	174.09	2	CI	1950	1	64
2624	20790	15:20.0	2021	494234	PVC	1990	35	2	33.62	2	PVC	1990	1	31
2627	23193	43:40.0	2014	494872	CI	1950	75	8	5.27	8	CI	1950	1	64
2628	23202	19:04.0	2014	494881	CI	1970	55	4	287.53	4	CI	1970	1	44
2657	14417	35:27.0	2018	492699	CI	1979	46	8	572.13	8	CI	1979	1	39
2658	14417	08:02.0	2018	492699	CI	1979	46	8	572.13	8	CI	1979	1	39
2659	14417	16:31.0	2018	492699	CI	1979	46	8	572.13	8	CI	1979	1	39
2660	14417	29:30.0	2014	492699	CI	1979	46	8	572.13	8	CI	1979	1	35
2661	14417	53:21.0	2013	492699	CI	1979	46	8	572.13	8	CI	1979	1	34
2662	14417	49:13.0	2014	492699	CI	1979	46	8	572.13	8	CI	1979	1	35
2663	14417	34:19.0	2017	492699	CI	1979	46	8	572.13	8	CI	1979	1	38
2608	4056	20:41.0	2020	489885	GS	1966	59	2	444.38	2	GS	1966	1	54
2609	4056	42:45.0	2020	489885	GS	1966	59	2	444.38	2	GS	1966	1	54
2610	4056	47:27.0	2020	489885	GS	1966	59	2	444.38	2	GS	1966	1	54
2629	23202	35:50.0	2023	494881	CI	1970	55	4	287.53	4	CI	1970	1	53
2611	4056	55:39.0	2022	489885	GS	1966	59	2	444.38	2	GS	1966	1	56
2669	23881	14:04.0	2015	512737	CI	1951	74	8	1.56	8	CI	1951	1	64
2612	8727	11:04.0	2021	799029	CI	1958	67	8	5.14	8	CI	1958	1	63
2613	8727	39:23.0	2019	799029	CI	1958	67	8	5.14	8	CI	1958	1	61
2672	1955	32:03.0	2012	502823	CI	1964	61	12	398.33	12	CI	1964	1	48
2614	10313	48:35.0	2017	509946	PVC	1981	44	4	3.27	4	PVC	1981	0	36
2637	9218	55:31.0	2019	491028	PVC	1989	36	2	653.04	2	PVC	1989	1	30
2675	4243	13:34.0	2020	490073	CI	1960	65	6	506.11	6	CI	1960	1	60
2638	9218	45:46.0	2014	491028	PVC	1989	36	2	653.04	2	PVC	1989	1	25
2642	25874	52:01.0	2020	507908	CI	1960	65	6	2.83	6	CI	1960	1	60
2678	7309	25:25.0	2014	490665	CI	1960	65	10	394.22	10	CI	1960	1	54
2649	127	21:22.0	2017	488998	PVC	1985	40	6	375.5	6	PVC	1985	1	32
2650	151	36:51.0	2017	489022	CI	1972	53	6	115.95	6	CI	1972	1	45
2651	2923	49:58.0	2018	496845	PVC	1980	45	2	331.74	2	PVC	1980	1	38
2652	5128	48:35.0	2017	490179	PVC	1981	44	4	731.59	4	PVC	1981	0	36
2654	11967	18:19.0	2018	504780	CI	1966	59	2	1174.4	2	CI	1966	1	52
2655	11967	13:32.0	2018	504780	CI	1966	59	2	1174.4	2	CI	1966	1	52
2664	21354	51:04.0	2022	512329	PVC	2019	6	8	66.26	8	PVC	2019	1	3
2631	758	08:46.0	2018	508174	PVC	2016	9	12	34.22	12	PVC	2016	1	2
2632	760	03:01.0	2016	508176	CI	1972	53	6	92.04	6	CI	1972	1	44
2633	2448	24:11.0	2020	489618	CI	1950	75	4	319.15	4	CI	1950	1	70
2670	1771	23:01.0	2015	502639	PVC	1990	35	12	4.85	12	PVC	1990	1	25
2690	26626	35:27.0	2022	502254	CI	1950	75	6	246.94	6	CI	1950	1	72
2691	26629	49:45.0	2022	502257	CI	1956	69	6	31.68	6	CI	1956	1	66
2692	10947	11:38.0	2019	491758	CI	1950	75	8	333.64	8	CI	1950	1	69
2671	1774	15:56.0	2020	502642	PVC	2003	22	8	699.12	8	PVC	2003	1	17
2634	2599	17:16.0	2021	508605	CI	1951	74	6	21.32	6	CI	1951	1	70
2635	9218	02:24.0	2013	491028	PVC	1989	36	2	653.04	2	PVC	1989	1	24
2636	9218	38:52.0	2015	491028	PVC	1989	36	2	653.04	2	PVC	1989	1	26
2676	7237	01:59.0	2013	490592	PVC	1986	39	12	2.91	12	PVC	1986	1	27
2677	7253	49:31.0	2020	490608	DI	1987	38	18	2.64	18	DI	1987	1	33
2679	7423	11:28.0	2015	490780	CI	1950	75	6	999.53	6	CI	1950	1	65
2700	17575	30:23.0	2017	511521	CI	1950	75	6	1.82	6	CI	1950	1	67
2701	17575	41:21.0	2014	511521	CI	1950	75	6	1.82	6	CI	1950	1	64
2680	7423	18:22.0	2018	490780	CI	1950	75	6	999.53	6	CI	1950	1	68
2681	9589	58:49.0	2021	491401	CI	1950	75	2	278.11	2	CI	1950	1	71
2682	9589	48:07.0	2017	491401	CI	1950	75	2	278.11	2	CI	1950	1	67
2683	9589	02:11.0	2017	491401	CI	1950	75	2	278.11	2	CI	1950	1	67
2684	9727	07:40.0	2019	498266	CI	1958	67	8	303.05	8	CI	1958	1	61
2656	12000	31:27.0	2017	504813	PVC	2012	13	12	195.89	12	PVC	2012	1	5
2665	21537	46:57.0	2013	501048	PVC	1986	39	12	469.15	12	PVC	1986	1	27
2666	21537	29:21.0	2015	501048	PVC	1986	39	12	469.15	12	PVC	1986	1	29
2667	21537	08:16.0	2014	501048	PVC	1986	39	12	469.15	12	PVC	1986	1	28
2668	23786	47:52.0	2015	512642	CSC	1973	52	18	14.06	18	CSC	1973	1	42
2688	24269	27:13.0	2022	507575	CI	1960	65	8	86.07	8	CI	1960	1	62
2673	1962	06:09.0	2020	502830	CI	1956	69	6	534.95	6	CI	1956	1	64
2674	1962	47:40.0	2019	502830	CI	1956	69	6	534.95	6	CI	1956	1	63
2715	9514	40:13.0	2019	491324	PVC	2001	24	6	71.39	6	PVC	2001	1	18
2716	12253	43:17.0	2021	505067	CI	1950	75	6	222.52	6	CI	1950	1	71
2698	15422	06:36.0	2014	510815	CI	1961	64	6	1.51	6	CI	1961	1	53
2699	15583	27:59.0	2019	510976	PVC	2018	7	8	578.4	8	PVC	2018	1	1
2719	12349	51:18.0	2014	491891	CI	1950	75	8	513.72	8	CI	1950	1	64
2720	12349	51:18.0	2014	491891	CI	1950	75	8	513.72	8	CI	1950	1	64
2721	12349	22:56.0	2012	491891	CI	1950	75	8	513.72	8	CI	1950	1	62
2722	12351	46:37.0	2018	491893	CI	1950	75	8	287.91	8	CI	1950	1	68
2723	12351	28:09.0	2013	491893	CI	1950	75	8	287.91	8	CI	1950	1	63
2724	12351	46:09.0	2017	491893	CI	1950	75	8	287.91	8	CI	1950	1	67
2725	12351	57:51.0	2019	491893	CI	1950	75	8	287.91	8	CI	1950	1	69
2702	26672	42:24.0	2019	502300	CI	1967	58	6	742.08	6	CI	1967	1	52
2727	12422	34:48.0	2019	491964	CI	1960	65	6	22.64	6	CI	1960	1	59
2728	12452	43:29.0	2018	491994	CI	1960	65	10	423.66	10	CI	1960	1	58
2729	12452	38:44.0	2018	491994	CI	1960	65	10	423.66	10	CI	1960	1	58
2703	26741	56:59.0	2020	502369	CI	1950	75	2	470.8	2	CI	1950	1	70
2704	26741	16:21.0	2021	502369	CI	1950	75	2	470.8	2	CI	1950	1	71
2705	2221	53:43.0	2019	489390	CI	1955	70	6	536.19	6	CI	1955	1	64
2706	4488	37:16.0	2020	503249	CI	1963	62	12	183.05	12	CI	1963	0	57
2707	4630	52:50.0	2018	503391	PVC	2011	14	8	190.74	8	PVC	2011	1	7
2685	14215	58:16.0	2013	492496	ASB	1967	58	6	450.37	6	ASB	1967	1	46
2686	14215	37:50.0	2017	492496	ASB	1967	58	6	450.37	6	ASB	1967	1	50
2711	9280	52:25.0	2021	491090	PVC	1998	27	8	344.13	8	PVC	1998	1	23
2738	370	37:05.0	2017	489241	CI	1964	61	12	280.16	12	CI	1964	1	53
2712	9393	05:45.0	2020	491203	PVC	1989	36	6	528.43	6	PVC	1989	1	31
2687	14215	30:50.0	2018	492496	ASB	1967	58	6	450.37	6	ASB	1967	1	51
2741	5413	33:30.0	2018	490466	PVC	1984	41	12	2.24	12	PVC	1984	1	34
2713	9393	33:07.0	2020	491203	PVC	1989	36	6	528.43	6	PVC	1989	1	31
2689	26422	31:53.0	2016	496003	CI	1964	61	2.25	342.07	2.25	CI	1964	1	52
2693	11024	35:26.0	2020	491835	CI	1950	75	6	390.09	6	CI	1950	1	70
2745	7883	57:02.0	2022	503870	GS	1979	46	1.5	1012.71	1.5	GS	1979	1	43
2746	7883	28:13.0	2022	503870	GS	1979	46	1.5	1012.71	1.5	GS	1979	1	43
2747	7883	48:55.0	2014	503870	GS	1979	46	1.5	1012.71	1.5	GS	1979	1	35
2748	7883	26:19.0	2019	503870	GS	1979	46	1.5	1012.71	1.5	GS	1979	1	40
2749	8070	00:12.0	2018	504057	PVC	1989	36	6	516.35	6	PVC	1989	1	29
2750	8070	42:01.0	2013	504057	PVC	1989	36	6	516.35	6	PVC	1989	1	24
2751	8070	42:09.0	2019	504057	PVC	1989	36	6	516.35	6	PVC	1989	1	30
2694	11024	26:14.0	2019	491835	CI	1950	75	6	390.09	6	CI	1950	1	69
2714	9393	56:15.0	2017	491203	PVC	1989	36	6	528.43	6	PVC	1989	1	28
2754	12830	24:39.0	2018	498821	CI	1954	71	6	60.26	6	CI	1954	1	64
2755	12925	33:29.0	2022	498916	CI	1952	73	6	54.45	6	CI	1952	1	70
2756	12990	33:30.0	2018	498981	PVC	1984	41	12	1.34	12	PVC	1984	1	34
2757	934	40:54.0	2017	508353	CI	1973	52	6	1.88	6	CI	1973	1	44
2758	934	28:02.0	2014	508353	CI	1973	52	6	1.88	6	CI	1973	1	41
2759	3488	55:16.0	2017	757267	CI	1950	75	2	182.27	2	CI	1950	1	67
2760	3488	08:53.0	2018	757267	CI	1950	75	2	182.27	2	CI	1950	1	68
2761	3488	32:53.0	2020	757267	CI	1950	75	2	182.27	2	CI	1950	1	70
2695	11024	41:59.0	2022	491835	CI	1950	75	6	390.09	6	CI	1950	1	72
2696	11024	26:28.0	2019	491835	CI	1950	75	6	390.09	6	CI	1950	1	69
2697	11024	44:06.0	2023	491835	CI	1950	75	6	390.09	6	CI	1950	1	73
2718	12333	27:59.0	2023	491875	CI	1956	69	8	390.42	8	CI	1956	1	67
2766	11247	44:58.0	2017	498511	CI	1950	75	10	248.33	10	CI	1950	1	67
2726	12408	00:13.0	2017	491950	CI	1972	53	6	489.65	6	CI	1972	1	45
2730	12477	33:30.0	2018	492019	PVC	1984	41	6	50.5	6	PVC	1984	1	34
2731	19417	43:58.0	2022	511662	CSC	1964	61	18	87.51	18	CSC	1964	0	58
2732	19417	46:16.0	2014	511662	CSC	1964	61	18	87.51	18	CSC	1964	0	50
2733	19419	46:16.0	2014	511664	CSC	1964	61	18	3.73	18	CSC	1964	1	50
2734	24628	16:03.0	2014	501952	CI	1977	48	6	849.31	6	CI	1977	1	37
2773	16140	29:04.0	2017	493153	PVC	1988	37	8	427.53	8	PVC	1988	1	29
2735	24628	28:24.0	2015	501952	CI	1977	48	6	849.31	6	CI	1977	1	38
2736	24632	03:00.0	2019	501956	CI	1960	65	6	401.34	6	CI	1960	1	59
2776	22814	50:02.0	2021	501409	PVC	1986	39	6	228.8	6	PVC	1986	1	35
2777	1265	02:35.0	2021	754024	CI	1979	46	6	11.09	6	CI	1979	1	42
2708	6843	13:24.0	2019	497505	CI	1960	65	2	483.3	2	CI	1960	1	59
2737	24747	20:03.0	2021	502075	CI	1960	65	6	468.03	6	CI	1960	1	61
2709	6843	38:09.0	2019	497505	CI	1960	65	2	483.3	2	CI	1960	1	59
2710	6843	26:19.0	2015	497505	CI	1960	65	2	483.3	2	CI	1960	1	55
2739	3171	58:02.0	2017	508751	CI	1950	75	8	5.54	8	CI	1950	1	67
2740	5351	21:51.0	2019	490403	CI	1950	75	12	303.25	12	CI	1950	1	69
2742	5445	36:23.0	2017	490498	PVC	2002	23	2	240.38	2	PVC	2002	1	15
2785	12575	55:08.0	2017	492119	DI	1989	36	12	356.27	12	CI	1989	1	28
2786	12580	36:16.0	2022	492125	CI	1960	65	2	229.01	2	CI	1960	1	62
2787	12580	39:11.0	2022	492125	CI	1960	65	2	229.01	2	CI	1960	1	62
2788	12758	21:46.0	2022	498749	CI	1950	75	6	665.84	6	CI	1950	1	72
2789	12770	55:15.0	2015	498761	CI	1950	75	6	94.84	6	CI	1950	1	65
2743	5468	00:00.0	2022	490522	GS	1956	69	2	37.59	2	GS	1956	1	66
2744	5468	32:19.0	2022	490522	GS	1956	69	2	37.59	2	GS	1956	1	66
2792	17997	02:42.0	2013	493565	CI	1960	65	12	110.09	12	CI	1960	1	53
2793	17997	40:53.0	2020	493565	CI	1960	65	12	110.09	12	CI	1960	1	60
2794	18021	59:37.0	2019	493589	PVC	1997	28	8	38.54	8	PVC	1997	1	22
2752	12818	44:38.0	2015	498809	CI	1958	67	6	286.3	6	CI	1958	1	57
2753	12818	55:31.0	2018	498809	CI	1958	67	6	286.3	6	CI	1958	1	60
2717	12286	50:13.0	2015	505100	PVC	2013	12	8	343.75	8	PVC	2013	1	2
2798	20919	23:45.0	2014	494363	PVC	1984	41	12	26.17	12	PVC	1984	1	30
2767	13204	47:30.0	2017	510295	CI	1966	59	8	58.26	8	CI	1966	1	51
2768	13204	52:59.0	2017	510295	CI	1966	59	8	58.26	8	CI	1966	1	51
2801	2517	03:04.0	2018	489687	CI	1955	70	6	920.94	6	CI	1955	1	63
2802	2536	00:40.0	2019	489706	CI	1950	75	4	613.13	4	CI	1950	1	69
2769	13247	18:23.0	2021	510338	CI	1963	62	12	47.25	12	CI	1963	0	58
2770	15987	48:17.0	2014	492997	GS	1995	30	1.5	328.01	1.5	GS	1995	1	19
2771	15987	43:19.0	2013	492997	GS	1995	30	1.5	328.01	1.5	GS	1995	1	18
2772	16085	19:28.0	2017	493096	CI	1960	65	6	347.16	6	CI	1960	1	57
2774	18454	25:46.0	2020	506007	PVC	2004	21	8	141.82	8	PVC	2004	1	16
2775	18469	17:19.0	2019	506022	CI	1950	75	6	115.98	6	CI	1950	1	69
2778	3871	48:53.0	2014	503056	ASB	1979	46	4	498.51	4	ASB	1979	1	35
2779	8910	42:42.0	2016	493317	CI	1950	75	2	146.87	2	CI	1950	1	66
2811	5048	08:14.0	2021	497409	CI	1950	75	2	179.2	2	CI	1950	1	71
2812	5048	45:29.0	2014	497409	CI	1950	75	2	179.2	2	CI	1950	1	64
2780	8910	25:44.0	2022	493317	CI	1950	75	2	146.87	2	CI	1950	1	72
2781	8910	02:38.0	2015	493317	CI	1950	75	2	146.87	2	CI	1950	1	65
2782	12501	43:05.0	2021	492043	CI	1970	55	8	3.05	8	CI	1970	1	51
2783	12575	38:40.0	2017	492119	DI	1989	36	12	356.27	12	CI	1989	1	28
2784	12575	25:29.0	2019	492119	DI	1989	36	12	356.27	12	CI	1989	1	30
2791	17981	50:32.0	2016	493549	CI	1950	75	8	48.87	8	CI	1950	0	66
2795	20773	20:58.0	2022	494217	CI	1950	75	6	709.72	6	CI	1950	1	72
2796	20773	58:35.0	2013	494217	CI	1950	75	6	709.72	6	CI	1950	1	63
2821	7509	48:40.0	2021	490866	CI	1960	65	6	338.17	6	CI	1960	1	61
2797	20773	41:15.0	2016	494217	CI	1950	75	6	709.72	6	CI	1950	1	66
2762	5870	38:01.0	2021	509326	PVC	2017	8	8	324.13	8	PVC	2017	1	4
2763	8157	49:44.0	2017	504144	CI	1950	75	6	376.36	6	CI	1950	1	67
2764	8157	52:36.0	2013	504144	CI	1950	75	6	376.36	6	CI	1950	1	63
2826	21355	40:38.0	2020	512330	PVC	2019	6	8	167.64	8	PVC	2019	1	1
2765	11035	00:00.0	2020	491846	CI	1951	74	8	543.55	8	CI	1951	1	69
2828	21430	15:40.0	2017	500941	CI	1966	59	12	1.16	12	CI	1966	1	51
2800	2430	55:51.0	2020	489600	CI	1950	75	2	450.76	2	CI	1950	1	70
2803	2641	40:01.0	2022	508647	PVC	2015	10	8	281.58	8	PVC	2015	1	7
2831	23920	30:23.0	2017	512776	CI	1950	75	6	8.66	6	CI	1950	1	67
2832	23920	41:21.0	2014	512776	CI	1950	75	6	8.66	6	CI	1950	1	64
2833	26131	57:51.0	2019	502184	ASB	1950	75	6	291	6	ASB	1950	1	69
2834	26131	47:49.0	2014	502184	ASB	1950	75	6	291	6	ASB	1950	1	64
2804	2665	54:55.0	2013	508672	CI	1957	68	6	457.27	6	CI	1957	1	56
2805	2665	52:13.0	2022	508672	CI	1957	68	6	457.27	6	CI	1957	1	65
2806	2665	39:45.0	2015	508672	CI	1957	68	6	457.27	6	CI	1957	1	58
2807	2665	51:55.0	2015	508672	CI	1957	68	6	457.27	6	CI	1957	1	58
2808	13982	42:09.0	2018	842815	CI	1950	75	6	5.3	6	CI	1950	1	68
2840	4172	31:49.0	2020	490002	CI	1975	50	6	286.64	6	CI	1975	1	45
2841	4172	54:05.0	2013	490002	CI	1975	50	6	286.64	6	CI	1975	1	38
2842	4172	16:00.0	2015	490002	CI	1975	50	6	286.64	6	CI	1975	1	40
2843	4172	20:27.0	2022	490002	CI	1975	50	6	286.64	6	CI	1975	1	47
2844	4233	50:27.0	2014	490063	CI	1960	65	2	385.68	2	CI	1960	1	54
2845	4240	42:23.0	2018	490070	CI	1960	65	2	244.3	2	CI	1960	1	58
2846	4240	31:21.0	2023	490070	CI	1960	65	2	244.3	2	CI	1960	1	63
2847	4248	40:46.0	2018	490078	CI	1970	55	6	218.18	6	CI	1970	1	48
2848	4248	42:54.0	2018	490078	CI	1970	55	6	218.18	6	CI	1970	1	48
2849	4288	26:49.0	2013	490120	DI	1989	36	2	310.88	2	CI	1989	1	24
2850	4288	43:48.0	2015	490120	DI	1989	36	2	310.88	2	CI	1989	1	26
2851	4288	54:58.0	2022	490120	DI	1989	36	2	310.88	2	CI	1989	1	33
2852	4288	14:30.0	2022	490120	DI	1989	36	2	310.88	2	CI	1989	1	33
2853	7296	57:43.0	2022	490652	PVC	1995	30	2	269.86	2	PVC	1995	1	27
2809	13982	27:55.0	2017	842815	CI	1950	75	6	5.3	6	CI	1950	1	67
2855	7368	44:46.0	2018	490724	CI	1951	74	6	234.74	6	CI	1951	1	67
2810	69	06:50.0	2017	488940	CI	1960	65	2	138.8	2	CI	1960	1	57
2813	5057	43:18.0	2014	497418	PVC	1989	36	2	264.31	2	PVC	1989	1	25
2814	5057	38:04.0	2015	497418	PVC	1989	36	2	264.31	2	PVC	1989	1	26
2815	5080	32:25.0	2014	497441	CI	1950	75	2	383.77	2	CI	1950	1	64
2816	5096	46:02.0	2021	497457	PVC	1989	36	2	401.31	2	PVC	1989	1	32
2817	5096	20:23.0	2020	497457	PVC	1989	36	2	401.31	2	PVC	1989	1	31
2818	5096	14:18.0	2022	497457	PVC	1989	36	2	401.31	2	PVC	1989	1	33
2790	17844	09:43.0	2021	493412	CI	1950	75	4	78.44	4	CI	1950	1	71
2819	5096	31:36.0	2015	497457	PVC	1989	36	2	401.31	2	PVC	1989	1	26
2820	5096	32:09.0	2023	497457	PVC	1989	36	2	401.31	2	PVC	1989	1	34
2799	2359	08:34.0	2021	489529	CI	1950	75	6	421.59	6	CI	1950	1	71
2830	21485	35:42.0	2018	500996	CI	1950	75	6	261.45	6	CI	1950	1	68
2835	26225	50:10.0	2020	495803	CI	1961	64	2	766.92	2	CI	1961	1	59
2836	26233	06:56.0	2021	495811	CI	1954	71	6	591.71	6	CI	1954	1	67
2837	26233	09:40.0	2016	495811	CI	1954	71	6	591.71	6	CI	1954	1	62
2838	26233	18:29.0	2016	495811	CI	1954	71	6	591.71	6	CI	1954	1	62
2839	26233	03:08.0	2018	495811	CI	1954	71	6	591.71	6	CI	1954	1	64
2854	7325	35:39.0	2019	490681	CI	1975	50	6	422.92	6	CI	1975	1	44
2874	24418	48:57.0	2022	501737	CI	1960	65	8	378.32	8	CI	1960	1	62
2875	24418	18:07.0	2016	501737	CI	1960	65	8	378.32	8	CI	1960	1	56
2858	9844	16:40.0	2018	504351	CI	1970	55	6	68.15	6	CI	1970	1	48
2877	26906	42:09.0	2018	502534	CI	1950	75	6	38.15	6	CI	1950	1	68
2878	26906	27:55.0	2017	502534	CI	1950	75	6	38.15	6	CI	1950	1	67
2879	13430	38:54.0	2014	510521	CI	1950	75	2	255.37	2	CI	1950	1	64
2863	24188	07:41.0	2013	507494	CI	1960	65	6	1.65	6	CI	1960	1	53
2887	55	38:06.0	2019	488926	PVC	1995	30	12	472.28	12	PVC	1995	1	24
2888	7233	52:07.0	2020	490588	CI	1959	66	6	297.38	6	CI	1959	1	61
2889	7229	18:16.0	2018	497892	CI	1960	65	6	401.79	6	CI	1960	1	58
2890	6011	18:08.0	2018	503495	CI	1950	75	2	444.32	2	CI	1950	1	68
2891	23040	26:54.0	2017	501635	CI	1973	52	6	471.34	6	CI	1973	1	44
2892	12235	30:24.0	2013	505049	GS	1979	46	1.5	3859.63	1.5	GS	1979	0	34
2893	7423	08:53.0	2016	490780	CI	1950	75	6	999.53	6	CI	1950	1	66
2896	16032	04:29.0	2015	493042	GS	1979	46	1.5	2061.07	1.5	GS	1979	1	36
2897	12447	01:40.0	2016	491989	CI	1954	71	6	740.62	6	CI	1954	1	62
2898	12447	01:40.0	2016	491989	CI	1954	71	6	740.62	6	CI	1954	1	62
2822	9963	07:44.0	2021	504470	PVC	1984	41	6	401.66	6	PVC	1984	1	37
2901	13430	46:59.0	2015	510521	CI	1950	75	2	255.37	2	CI	1950	1	65
2902	12094	48:42.0	2018	504907	CI	1970	55	6	55.28	6	CI	1970	1	48
2903	27	13:58.0	2017	488898	GS	1979	46	1.5	2533.24	1.5	GS	1979	1	38
2904	14417	54:15.0	2014	492699	CI	1979	46	8	572.13	8	CI	1979	1	35
2908	9393	34:36.0	2020	491203	PVC	1989	36	6	528.43	6	PVC	1989	1	31
2909	7229	55:28.0	2021	497892	CI	1960	65	6	401.79	6	CI	1960	1	61
2911	21757	18:21.0	2013	501268	CI	1950	75	8	684.9	8	CI	1950	1	63
2912	23194	27:54.0	2023	494873	CI	1950	75	8	155.7	8	CI	1950	1	73
2913	21646	10:35.0	2021	501157	CI	1950	75	4	506.36	4	CI	1950	1	71
2914	7229	33:48.0	2015	497892	CI	1960	65	6	401.79	6	CI	1960	1	55
2823	14464	19:41.0	2015	505154	CI	1950	75	2	99.07	2	CI	1950	1	65
2916	13098	47:42.0	2022	499089	CI	1950	75	6	211.94	6	CI	1950	1	72
2919	13503	27:11.0	2015	510594	CI	1950	75	1	292	1	CI	1950	0	65
2824	14464	47:00.0	2019	505154	CI	1950	75	2	99.07	2	CI	1950	1	69
2922	9409	49:13.0	2017	491219	CI	1947	78	6	91.85	6	CI	1947	1	70
2923	3	15:00.0	2013	488874	GS	1952	73	1	178.81	1	GS	1952	0	61
2925	15581	11:02.0	2019	510974	PVC	2018	7	8	473.01	8	PVC	2018	1	1
2928	13976	28:17.0	2017	842740	DI	1970	55	4	107.65	4	PVC	1970	1	47
2825	14527	55:36.0	2014	505221	CI	1950	75	6	256.68	6	CI	1950	1	64
2930	4246	51:29.0	2018	490076	CI	1960	65	1	55.42	1	CI	1960	0	58
2932	22820	08:34.0	2022	501415	CI	1950	75	2	421.09	2	CI	1950	1	72
2827	21411	00:27.0	2014	500922	PVC	2001	24	12	239.75	12	PVC	2001	1	13
2829	21485	28:46.0	2014	500996	CI	1950	75	6	261.45	6	CI	1950	1	64
2935	123	32:39.0	2021	488994	CI	1961	64	2	446.21	2	CI	1961	1	60
2936	17555	46:29.0	2020	511501	CI	1950	75	8	44.42	8	CI	1950	1	70
2938	20668	01:54.0	2022	494112	GS	1979	46	1.5	514.08	1.5	GS	1979	1	43
2940	17714	17:20.0	2016	493280	CI	1963	62	6	396.51	6	CI	1963	1	53
2941	12760	04:52.0	2019	498751	CI	1950	75	6	412.33	6	CI	1950	1	69
2944	9409	54:12.0	2016	491219	CI	1947	78	6	91.85	6	CI	1947	1	69
2868	10860	55:15.0	2015	491671	CI	1950	75	2	409.8	2	CI	1950	1	65
2869	13517	39:05.0	2020	510608	CI	1950	75	6	10.02	6	CI	1950	1	70
2870	17418	37:25.0	2019	511364	DI	1989	36	18	84.41	18	DI	1989	1	30
2871	17650	41:04.0	2017	493216	CI	1960	65	2	359.24	2	CI	1960	1	57
2872	24418	46:31.0	2013	501737	CI	1960	65	8	378.32	8	CI	1960	1	53
2873	24418	15:08.0	2020	501737	CI	1960	65	8	378.32	8	CI	1960	1	60
2876	24451	12:28.0	2019	501770	PVC	1989	36	6	681.24	6	PVC	1989	1	30
2856	9610	56:43.0	2018	491422	CI	1960	65	6	218.03	6	CI	1960	1	58
2857	9610	06:38.0	2013	491422	CI	1960	65	6	218.03	6	CI	1960	1	53
2883	12787	12:31.0	2018	498778	CI	1950	75	8	167.77	8	CI	1950	1	68
2859	14109	31:56.0	2015	492390	PVC	1985	40	2	776.31	2	PVC	1985	1	30
2860	14109	12:03.0	2016	492390	PVC	1985	40	2	776.31	2	PVC	1985	1	31
2861	14137	04:32.0	2015	492418	PVC	2000	25	8	86.86	8	PVC	2000	1	15
2862	16745	55:54.0	2014	499722	PVC	1985	40	12	152.11	12	PVC	1985	1	29
2899	13145	52:54.0	2022	499136	CI	1950	75	8	342.56	8	CI	1950	1	72
2864	3690	27:05.0	2022	770119	CI	1972	53	2	200.46	2	CI	1972	1	50
2865	10860	00:00.0	2021	491671	CI	1950	75	2	409.8	2	CI	1950	1	71
2866	10860	51:09.0	2021	491671	CI	1950	75	2	409.8	2	CI	1950	1	71
2915	24222	47:13.0	2014	507528	PVC	2008	17	2	62.87	2	PVC	2008	1	6
2929	6575	38:11.0	2018	790172	CI	1950	75	2.5	42.19	2.5	CI	1950	1	68
2933	15575	37:04.0	2018	510968	CI	1950	75	6	17.54	6	CI	1950	0	68
2867	10860	53:23.0	2021	491671	CI	1950	75	2	409.8	2	CI	1950	1	71
2921	2947	30:00.0	2012	496869	CI	1961	64	2	423.74	2	CI	1961	1	51
2934	15213	47:20.0	2016	499503	PVC	1982	43	8	97.94	8	PVC	1982	1	34
