Failure_ID	ID	BreakDate	BreakYear	SourceTxt_ID	Material	InstallYear	Age	RR_Diameter	Length(ft)	OrgDiameter	OrgMaterial	OrgInstallYear	Status	BreakAge
4739	52141	00:00.0	2010	11275	CI	1904	121	6	202.39	6	CI	1904	1	106
5182	52250	00:00.0	2007	11560	CI	1888	137	4	375.89	4	CI	1888	1	119
4470	52283	00:00.0	2021	11632	CI	1893	132	20	115.12	20	CI	1893	1	128
4001	52340	00:00.0	2014	11714	CI	1874	151	4	226.19	4	CI	1874	1	140
4886	52395	NULL	NULL	11822	CI	1875	150	16	222.18	16	CI	1875	1	NULL
4173	52427	00:00.0	2018	11904	CI	1926	99	6	749.46	6	CI	1926	1	92
4031	52445	00:00.0	2014	11932	CI	1923	102	6	402.35	6	DI	1923	1	91
4279	52495	00:00.0	2016	12049	CI	1875	150	6	21.43	6	DI	1875	0	141
4460	52597	00:00.0	2021	12160	CI	1902	123	6	729.54	6	CI	1902	1	119
4568	52599	00:00.0	2022	12162	CI	1902	123	6	315.98	6	CI	1902	1	120
4741	52605	00:00.0	2010	12168	CI	1901	124	6	496.39	6	CI	1901	1	109
4885	52619	00:00.0	2005	12194	CI	1896	129	6	787.61	6	CI	1896	1	109
4040	52619	00:00.0	2014	12194	CI	1896	129	6	787.61	6	CI	1896	1	118
4083	52627	00:00.0	2014	12208	CI	1900	125	6	369.26	6	CI	1900	1	114
5021	52767	00:00.0	2013	12504	CI	1946	79	6	497.7	6	CI	1946	1	67
4028	52771	00:00.0	2014	12508	CI	1946	79	6	797.1	6	CI	1946	1	68
4683	52777	00:00.0	2011	12516	CI	1949	76	6	306.76	6	CI	1949	1	62
4869	52778	00:00.0	2005	12517	CI	1951	74	4	414.17	4	CI	1951	1	54
5115	52780	00:00.0	2007	12519	CI	1951	74	6	333.06	6	CI	1951	1	56
4810	52787	00:00.0	2009	12528	CI	1951	74	6	456.86	6	CI	1951	1	58
4333	52806	00:00.0	2019	12560	CI	1925	100	6	712.04	6	CI	1925	1	94
4630	52859	00:00.0	2012	12655	CI	1926	99	6	618.71	6	CI	1926	1	86
5187	52864	00:00.0	2007	12660	CI	1926	99	6	171.03	6	CI	1926	1	81
4068	52898	00:00.0	2014	12704	CI	1952	73	6	165.02	6	CI	1952	1	62
4182	52916	00:00.0	2018	12731	CI	1945	80	6	671.26	6	CI	1945	1	73
4017	52916	00:00.0	2014	12731	CI	1945	80	6	671.26	6	CI	1945	1	69
4953	52916	00:00.0	2013	12731	CI	1945	80	6	671.26	6	CI	1945	1	68
5130	52916	00:00.0	2007	12731	CI	1945	80	6	671.26	6	CI	1945	1	62
4329	52923	NULL	NULL	12741	CI	1899	126	12	353.3	12	CI	1899	1	NULL
4223	52936	00:00.0	2019	12822	CI	1950	75	6	265.01	6	CI	1950	1	69
4224	52938	00:00.0	2019	12824	CI	1950	75	6	293.43	6	CI	1950	1	69
4867	52940	00:00.0	2005	12827	CI	1951	74	6	596.46	6	CI	1951	1	54
4674	52940	00:00.0	2011	12827	CI	1951	74	6	596.46	6	CI	1951	1	60
4463	52950	00:00.0	2021	12862	CI	1924	101	6	492.1	6	CI	1924	1	97
5167	52977	00:00.0	2007	12911	CI	1928	97	6	185.43	6	CI	1928	1	79
4276	52986	00:00.0	2016	12922	CI	1950	75	6	341.27	6	CI	1950	1	66
4027	52994	00:00.0	2014	12937	CI	1955	70	6	489.37	6	CI	1955	1	59
4078	52995	00:00.0	2014	12938	CI	1955	70	6	197.47	6	DI	1955	1	59
5082	53011	00:00.0	2008	12968	CI	1943	82	6	24.7	6	CI	1943	1	65
4621	53021	00:00.0	2012	12979	CI	1952	73	6	241.4	6	CI	1952	1	60
4138	53030	00:00.0	2017	12992	CI	1951	74	6	24.06	6	CI	1951	1	66
4045	53058	00:00.0	2014	13026	CI	1920	105	10	225.82	10	CI	1920	1	94
4444	53076	00:00.0	2021	13045	CI	1923	102	4	317.61	4	CI	1923	1	98
4386	53085	00:00.0	2020	13647	CI	1949	76	6	360.09	6	CI	1949	1	71
4388	53089	00:00.0	2020	13654	CI	1906	119	6	549.52	6	CI	1906	1	114
4437	53089	00:00.0	2021	13654	CI	1906	119	6	549.52	6	CI	1906	1	115
4629	53133	00:00.0	2012	13992	CI	1928	97	6	156.94	6	DI	1928	1	84
4112	53169	00:00.0	2014	15590	CI	1952	73	6	582.7	6	CI	1952	1	62
4805	53180	00:00.0	2009	15604	CI	1926	99	6	513.04	6	CI	1926	1	83
4520	53234	00:00.0	2022	16380	CI	1941	84	6	470.27	6	CI	1941	1	81
4178	53234	00:00.0	2018	16380	CI	1941	84	6	470.27	6	CI	1941	1	77
4222	53234	00:00.0	2019	16380	CI	1941	84	6	470.27	6	CI	1941	1	78
4677	53239	00:00.0	2011	16388	CI	1947	78	6	240	6	CI	1947	1	64
4327	53244	00:00.0	2019	16529	CI	1943	82	6	514.2	6	CI	1943	1	76
4566	53258	00:00.0	2022	16544	CI	1948	77	6	302.26	6	CI	1948	1	74
5034	53259	00:00.0	2013	16545	CI	1950	75	6	277.56	6	CI	1950	1	63
4672	53261	00:00.0	2011	16547	CI	1950	75	6	432.8	6	CI	1950	1	61
4561	53264	00:00.0	2022	16550	CI	1949	76	6	524.17	6	DI	1949	1	73
4207	53264	00:00.0	2018	16550	CI	1949	76	6	524.17	6	DI	1949	1	69
4071	53264	00:00.0	2014	16550	CI	1949	76	6	524.17	6	DI	1949	1	65
3958	53264	00:00.0	2015	16550	CI	1949	76	6	524.17	6	DI	1949	1	66
4676	53381	00:00.0	2011	13209	CI	1920	105	6	615.77	6	CI	1920	1	91
4954	53395	00:00.0	2013	13230	CI	1916	109	6	66.62	6	CI	1916	1	97
4723	53541	00:00.0	2010	13449	CI	1922	103	8	425.89	8	CI	1922	1	88
4492	53562	00:00.0	2022	1021767	CI	1930	95	6	18.25	6	DI	1930	0	92
4613	53786	00:00.0	2012	1021460	CI	1920	105	4	130.37	4	CI	1920	1	92
4075	53791	00:00.0	2014	1021465	CI	1920	105	4	149.51	4	CI	1920	1	94
4584	53871	00:00.0	2023	1021566	CI	1900	125	6	364.77	6	CI	1900	1	123
4505	53919	00:00.0	2022	1021632	DI	1973	52	6	70.12	6	CI	1973	1	49
4640	53922	00:00.0	2012	1021636	DI	1973	52	6	376.31	6	DI	1973	1	39
4911	53922	00:00.0	2005	1021636	DI	1973	52	6	376.31	6	DI	1973	1	32
4464	53922	00:00.0	2021	1021636	DI	1973	52	6	376.31	6	DI	1973	1	48
4717	53996	00:00.0	2010	1021925	DI	1980	45	8	73.39	8	DI	1980	1	30
4658	54050	00:00.0	2011	1021850	CI	1900	125	12	378.11	12	DI	1900	1	111
5143	54128	00:00.0	2007	1022111	CI	1956	69	6	112.55	6	CI	1956	1	51
4821	54156	00:00.0	2009	1022188	CI	1921	104	8	558.85	8	CI	1921	1	88
4062	54159	00:00.0	2014	1022192	CI	1921	104	8	430.93	8	CI	1921	1	93
4164	54159	00:00.0	2018	1022192	CI	1921	104	8	430.93	8	CI	1921	1	97
4292	54164	00:00.0	2016	1022328	DI	1986	39	6	37.23	6	DI	1986	1	30
4268	54410	00:00.0	2015	1022311	CI	1926	99	6	35.61	6	CI	1926	1	89
4170	54437	00:00.0	2018	1025699	CI	1951	74	4	502.16	4	CI	1951	1	67
3934	54444	00:00.0	2015	1022579	CI	1952	73	4	387.52	4	CI	1952	1	63
4335	54444	00:00.0	2019	1022579	CI	1952	73	4	387.52	4	CI	1952	1	67
5169	54461	00:00.0	2007	1022599	DI	2011	14	6	41.35	6	DI	2011	1	-4
4745	54465	00:00.0	2010	1022607	CI	1952	73	6	88.99	6	CI	1952	1	58
5153	54495	00:00.0	2007	1022880	CI	1948	77	6	17.86	6	CI	1948	0	59
3941	54975	00:00.0	2015	13491	CI	1920	105	6	578.09	6	CI	1920	1	95
5040	55038	00:00.0	2013	13588	CI	1924	101	6	371.26	6	CI	1924	1	89
5060	55068	00:00.0	2008	13638	CI	1917	108	6	67.07	6	CI	1917	1	91
4076	55073	00:00.0	2014	13702	CI	1912	113	6	551.92	6	CI	1912	1	102
4355	55082	00:00.0	2020	13714	DI	1978	47	6	456.17	6	DI	1978	1	42
5114	55094	00:00.0	2007	13737	CI	1924	101	6	28.72	6	CI	1924	1	83
4377	55127	00:00.0	2020	13778	CI	1905	120	6	128.41	6	CI	1905	1	115
4037	55198	00:00.0	2014	13872	CI	1905	120	6	33.17	6	CI	1905	1	109
3954	55207	00:00.0	2015	13882	CI	1907	118	6	45.33	6	CI	1907	1	108
4735	55213	00:00.0	2010	13889	CI	1918	107	6	656.21	6	CI	1918	1	92
3940	55223	00:00.0	2015	13929	CI	1925	100	10	684.83	10	CI	1925	1	90
4872	55270	00:00.0	2005	14039	CI	1913	112	6	36.64	6	CI	1913	1	92
4046	55361	00:00.0	2014	14162	CI	1946	79	6	772.09	6	CI	1946	1	68
4611	55399	00:00.0	2012	14311	CI	1912	113	6	258.8	6	CI	1912	1	100
4537	55476	00:00.0	2022	14512	CI	1901	124	6	468.87	6	CI	1901	1	121
4936	55608	00:00.0	2009	14684	CI	1897	128	10	351.25	10	CI	1897	1	112
3937	55613	00:00.0	2015	14691	CI	1940	85	4	299.61	4	DI	1940	1	75
5177	55618	00:00.0	2007	14697	CI	1943	82	4	308.26	4	DI	1943	1	64
3955	55632	00:00.0	2015	14721	CI	1943	82	4	30.85	4	CI	1943	1	72
5089	55666	00:00.0	2008	14773	CI	1925	100	6	263.09	6	CI	1925	1	83
4018	55673	00:00.0	2014	14784	CI	1945	80	6	592.54	6	CI	1945	1	69
4419	55673	00:00.0	2021	14784	CI	1945	80	6	592.54	6	CI	1945	1	76
4328	55673	00:00.0	2019	14784	CI	1945	80	6	592.54	6	CI	1945	1	74
4580	55832	00:00.0	2023	15157	CI	1914	111	6	818.39	6	CI	1914	1	109
4093	55844	00:00.0	2014	15175	CI	1921	104	6	20.83	6	CI	1921	1	93
4631	55864	00:00.0	2012	15202	CI	1904	121	6	291.99	6	CI	1904	1	108
4575	55922	00:00.0	2023	15273	CI	1951	74	6	338.01	6	CI	1951	1	72
4571	55922	00:00.0	2023	15273	CI	1951	74	6	338.01	6	CI	1951	1	72
4567	55938	00:00.0	2022	15313	CI	1947	78	6	472.21	6	CI	1947	1	75
4864	55938	00:00.0	2005	15313	CI	1947	78	6	472.21	6	CI	1947	1	58
4800	55938	00:00.0	2009	15313	CI	1947	78	6	472.21	6	CI	1947	1	62
4562	55950	00:00.0	2022	15435	CI	1950	75	6	334.82	6	CI	1950	1	72
5158	55950	00:00.0	2007	15435	CI	1950	75	6	334.82	6	CI	1950	1	57
4353	55970	00:00.0	2021	15466	CI	1923	102	6	26.38	6	CI	1923	1	98
4395	55983	00:00.0	2020	15481	CI	1923	102	6	510.16	6	CI	1923	1	97
3982	55983	00:00.0	2015	15481	CI	1923	102	6	510.16	6	CI	1923	1	92
4564	56004	00:00.0	2022	15511	CI	1951	74	6	657.4	6	CI	1951	1	71
4715	56008	00:00.0	2010	15516	CI	1951	74	6	650.2	6	CI	1951	1	59
5080	56008	00:00.0	2008	15516	CI	1951	74	6	650.2	6	CI	1951	1	57
5150	56054	00:00.0	2007	15630	CI	1952	73	6	264.44	6	CI	1952	1	55
4804	56054	00:00.0	2009	15630	CI	1952	73	6	264.44	6	CI	1952	1	57
4778	56054	00:00.0	2009	15630	CI	1952	73	6	264.44	6	CI	1952	1	57
3974	56054	00:00.0	2015	15630	CI	1952	73	6	264.44	6	CI	1952	1	63
4711	56055	00:00.0	2010	15631	CI	1952	73	6	207.98	6	CI	1952	1	58
4687	56057	00:00.0	2011	15634	CI	1952	73	4	451.91	4	CI	1952	1	59
4929	56057	00:00.0	2006	15634	CI	1952	73	4	451.91	4	CI	1952	1	54
4363	56057	00:00.0	2020	15634	CI	1952	73	4	451.91	4	CI	1952	1	68
4364	56057	00:00.0	2020	15634	CI	1952	73	4	451.91	4	CI	1952	1	68
4217	56057	00:00.0	2019	15634	CI	1952	73	4	451.91	4	CI	1952	1	67
4455	56061	00:00.0	2021	15638	CI	1952	73	6	562.67	6	CI	1952	1	69
4454	56067	00:00.0	2021	15644	CI	1951	74	4	26.29	4	CI	1951	1	70
3973	56067	00:00.0	2015	15644	CI	1951	74	4	26.29	4	CI	1951	1	64
3976	56070	00:00.0	2015	15647	CI	1951	74	4	490.68	4	CI	1951	1	64
5045	56070	00:00.0	2013	15647	CI	1951	74	4	490.68	4	CI	1951	1	62
4924	56076	00:00.0	2006	15655	DI	1983	42	8	988.43	8	DI	1983	0	23
4354	56092	00:00.0	2020	15721	CI	1942	83	6	578.65	6	CI	1942	1	78
4148	56095	00:00.0	2017	15726	CI	1951	74	2	301.38	2	CI	1951	1	66
4689	56095	00:00.0	2011	15726	CI	1951	74	2	301.38	2	CI	1951	1	60
5065	56105	00:00.0	2008	15738	CI	1951	74	6	275.84	6	DI	1951	1	57
5012	56107	00:00.0	2013	15740	CI	1951	74	6	211.31	6	DI	1951	1	62
3980	56107	00:00.0	2015	15740	CI	1951	74	6	211.31	6	DI	1951	1	64
4688	56108	00:00.0	2011	15741	CI	1951	74	6	366.48	6	CI	1951	1	60
4896	56112	00:00.0	2005	15745	CI	1951	74	6	592.82	6	CI	1951	1	54
5178	56112	00:00.0	2007	15745	CI	1951	74	6	592.82	6	CI	1951	1	56
4559	56143	00:00.0	2022	15812	CI	1951	74	4	194.78	4	CI	1951	1	71
5077	56188	00:00.0	2008	15977	CI	1952	73	4	756.54	4	CI	1952	1	56
4101	56189	00:00.0	2014	15978	CI	1952	73	4	270.07	4	CI	1952	1	62
4427	56189	00:00.0	2021	15978	CI	1952	73	4	270.07	4	CI	1952	1	69
4248	56190	00:00.0	2019	15979	CI	1952	73	4	119.59	4	DI	1952	1	67
4092	56190	00:00.0	2014	15979	CI	1952	73	4	119.59	4	DI	1952	1	62
4282	56323	00:00.0	2016	16214	CI	1920	105	12	488.78	12	CI	1920	1	96
4449	56372	00:00.0	2021	16271	CI	1926	99	6	270.25	6	CI	1926	1	95
4626	56441	00:00.0	2012	8404	CI	1969	56	10	211.51	10	CI	1969	1	43
4084	56455	00:00.0	2014	7924	CI	1968	57	6	14.29	6	CI	1968	1	46
4842	56463	00:00.0	2005	8005	CI	1964	61	3	225.04	3	CI	1964	1	41
4843	56463	00:00.0	2005	8005	CI	1964	61	3	225.04	3	CI	1964	1	41
4077	56466	00:00.0	2014	8008	CI	1969	56	4	31.11	4	CI	1969	1	45
4293	56484	00:00.0	2016	8034	CI	1969	56	3	208.33	3	CI	1969	1	47
4643	56484	00:00.0	2012	8034	CI	1969	56	3	208.33	3	CI	1969	1	43
4644	56484	00:00.0	2012	8034	CI	1969	56	3	208.33	3	CI	1969	1	43
5044	56484	00:00.0	2013	8034	CI	1969	56	3	208.33	3	CI	1969	1	44
5139	56484	00:00.0	2006	8034	CI	1969	56	3	208.33	3	CI	1969	1	37
5128	56489	00:00.0	2007	8041	CI	1963	62	10	514.75	10	DI	1963	1	44
4319	56495	00:00.0	2017	8060	DI	1990	35	12	408.27	12	DI	1990	1	27
4888	56544	00:00.0	2005	8161	CI	1962	63	8	283.45	8	CI	1962	1	43
3966	56577	00:00.0	2015	8231	CI	1965	60	6	348.27	6	DI	1965	1	50
4542	56590	00:00.0	2022	8249	CI	1966	59	6	573.14	6	CI	1966	1	56
4189	56604	00:00.0	2018	8264	CI	1969	56	4	248.41	4	CI	1969	1	49
4362	56683	00:00.0	2020	8364	CI	1966	59	6	269.92	6	CI	1966	1	54
5076	56876	00:00.0	2008	8713	DI	1979	46	12	475.32	12	CI	1979	1	29
5091	56887	00:00.0	2008	8757	CI	1963	62	6	355.45	6	CI	1963	1	45
4371	56887	00:00.0	2020	8757	CI	1963	62	6	355.45	6	CI	1963	1	57
4050	56890	00:00.0	2014	8760	CI	1963	62	6	412.11	6	CI	1963	1	51
3963	56890	00:00.0	2015	8760	CI	1963	62	6	412.11	6	CI	1963	1	52
4565	56892	00:00.0	2022	8763	CI	1952	73	6	515.45	6	CI	1952	1	70
4770	56895	00:00.0	2009	8767	CI	1952	73	6	369.81	6	DI	1952	1	57
4143	56906	00:00.0	2017	10046	CI	1968	57	10	132.12	10	CI	1968	1	49
4889	56926	00:00.0	2005	10074	CI	1969	56	10	243.46	10	CI	1969	1	36
4622	56926	00:00.0	2012	10074	CI	1969	56	10	243.46	10	CI	1969	1	43
4925	56957	00:00.0	2006	17742	DI	1973	52	12	1707.98	12	DI	1973	0	33
4926	56957	00:00.0	2006	17742	DI	1973	52	12	1707.98	12	DI	1973	0	33
4618	56965	00:00.0	2012	17387	CI	1963	62	6	460.65	6	CI	1963	1	49
4383	56965	00:00.0	2020	17387	CI	1963	62	6	460.65	6	CI	1963	1	57
4792	56973	00:00.0	2009	17564	CI	1952	73	8	738.23	8	CI	1952	1	57
4909	57043	00:00.0	2005	17822	CI	1952	73	6	334.16	6	CI	1952	1	53
4641	57043	00:00.0	2012	17822	CI	1952	73	6	334.16	6	CI	1952	1	60
4436	57052	00:00.0	2021	17831	CI	1963	62	6	417.61	6	CI	1963	1	58
4573	57058	00:00.0	2023	17837	CI	1957	68	8	482.55	8	CI	1957	1	66
4074	57064	00:00.0	2014	17844	CI	1958	67	6	27.47	6	DI	1958	1	56
4756	57070	00:00.0	2010	17854	CI	1958	67	6	24.23	6	CI	1958	1	52
5133	57072	00:00.0	2007	17858	CI	1958	67	8	301.63	8	CI	1958	1	49
4935	57084	00:00.0	2009	17873	CI	1957	68	6	349.69	6	CI	1957	1	52
4051	57084	00:00.0	2014	17873	CI	1957	68	6	349.69	6	CI	1957	1	57
4144	57103	00:00.0	2017	17899	CI	1959	66	6	402.77	6	CI	1959	1	58
4259	57128	00:00.0	2019	17931	CI	1958	67	6	696.15	6	CI	1958	1	61
4225	57128	00:00.0	2019	17931	CI	1958	67	6	696.15	6	CI	1958	1	61
4527	57128	00:00.0	2022	17931	CI	1958	67	6	696.15	6	CI	1958	1	64
3959	57130	00:00.0	2015	17933	CI	1958	67	6	703.59	6	CI	1958	1	57
5056	57130	00:00.0	2008	17933	CI	1958	67	6	703.59	6	CI	1958	1	50
4127	57132	00:00.0	2016	17935	CI	1958	67	6	692.49	6	CI	1958	1	58
5101	57133	00:00.0	2008	17936	CI	1958	67	6	366.26	6	CI	1958	1	50
5125	57133	00:00.0	2007	17936	CI	1958	67	6	366.26	6	CI	1958	1	49
4818	57134	00:00.0	2009	17937	CI	1958	67	6	364.3	6	CI	1958	1	51
4860	57136	00:00.0	2005	17939	CI	1958	67	6	465.61	6	CI	1958	1	47
4160	57136	00:00.0	2018	17939	CI	1958	67	6	465.61	6	CI	1958	1	60
4519	57145	00:00.0	2022	17948	CI	1959	66	6	278.29	6	CI	1959	1	63
5020	57149	00:00.0	2013	17952	CI	1958	67	6	38.8	6	CI	1958	1	55
4069	57151	00:00.0	2014	17954	CI	1959	66	6	249.31	6	CI	1959	1	55
4614	57154	00:00.0	2012	17957	CI	1958	67	6	284.91	6	CI	1958	1	54
4061	57165	00:00.0	2014	17968	CI	1954	71	6	468.69	6	DI	1954	1	60
4725	57169	00:00.0	2010	17972	CI	1955	70	6	480.2	6	CI	1955	1	55
4665	57178	00:00.0	2011	17981	CI	1954	71	6	331.24	6	CI	1954	1	57
4496	57178	00:00.0	2022	17981	CI	1954	71	6	331.24	6	CI	1954	1	68
4233	57178	00:00.0	2019	17981	CI	1954	71	6	331.24	6	CI	1954	1	65
4159	57180	00:00.0	2018	17983	CI	1953	72	6	140.54	6	DI	1953	1	65
4583	57183	00:00.0	2023	17986	CI	1954	71	6	254.67	6	CI	1954	1	69
5140	57183	00:00.0	2006	17986	CI	1954	71	6	254.67	6	CI	1954	1	52
4502	57185	00:00.0	2022	17988	CI	1953	72	6	166.63	6	CI	1953	1	69
3944	57191	00:00.0	2015	17994	CI	1959	66	6	603.4	6	CI	1959	1	56
4632	57202	00:00.0	2012	18016	CI	1954	71	6	455.07	6	DI	1954	1	58
5007	57202	00:00.0	2013	18016	CI	1954	71	6	455.07	6	DI	1954	1	59
4832	57202	00:00.0	2006	18016	CI	1954	71	6	455.07	6	DI	1954	1	52
5027	57203	00:00.0	2013	18017	CI	1954	71	6	560.6	6	CI	1954	1	59
4937	57203	00:00.0	2009	18017	CI	1954	71	6	560.6	6	CI	1954	1	55
4663	57203	00:00.0	2011	18017	CI	1954	71	6	560.6	6	CI	1954	1	57
4659	57203	00:00.0	2011	18017	CI	1954	71	6	560.6	6	CI	1954	1	57
4175	57203	00:00.0	2018	18017	CI	1954	71	6	560.6	6	CI	1954	1	64
4129	57204	00:00.0	2016	18018	CI	1953	72	6	229.4	6	CI	1953	1	63
4556	57204	00:00.0	2022	18018	CI	1953	72	6	229.4	6	CI	1953	1	69
4158	57207	00:00.0	2018	18021	CI	1953	72	6	538.41	6	CI	1953	1	65
4393	57207	00:00.0	2020	18021	CI	1953	72	6	538.41	6	CI	1953	1	67
4180	57210	00:00.0	2018	18024	CI	1953	72	6	292.4	6	DI	1953	1	65
4960	57210	00:00.0	2013	18024	CI	1953	72	6	292.4	6	DI	1953	1	60
4258	57211	00:00.0	2019	18027	CI	1952	73	6	372.85	6	CI	1952	1	67
4352	57225	00:00.0	2020	18050	CI	1954	71	6	644.68	6	CI	1954	1	66
4407	57227	00:00.0	2021	18052	CI	1960	65	6	116.2	6	CI	1960	1	61
4933	57227	00:00.0	2006	18052	CI	1960	65	6	116.2	6	CI	1960	1	46
4119	57234	00:00.0	2016	18060	CI	1960	65	6	435.71	6	CI	1960	1	56
5092	57271	00:00.0	2008	18104	CI	1961	64	6	384	6	CI	1961	1	47
4751	57282	00:00.0	2010	18115	CI	1961	64	8	306.95	8	CI	1961	1	49
4998	57295	00:00.0	2013	18129	CI	1964	61	12	217.66	12	DI	1964	1	49
4151	57295	00:00.0	2017	18129	CI	1964	61	12	217.66	12	DI	1964	1	53
4635	57323	00:00.0	2012	18172	CI	1961	64	6	486.26	6	CI	1961	1	51
4987	57340	00:00.0	2013	18195	CI	1962	63	6	233.84	6	DI	1962	1	51
4670	57341	00:00.0	2011	18197	CI	1962	63	6	284.62	6	DI	1962	1	49
4417	57341	00:00.0	2021	18197	CI	1962	63	6	284.62	6	DI	1962	1	59
4943	57344	00:00.0	2009	18200	CI	1962	63	6	223.74	6	DI	1962	1	47
4607	57348	00:00.0	2012	18204	CI	1962	63	6	441.03	6	DI	1962	1	50
5057	57348	00:00.0	2008	18204	CI	1962	63	6	441.03	6	DI	1962	1	46
3968	57352	00:00.0	2015	18208	CI	1962	63	6	279.43	6	DI	1962	1	53
4838	57364	00:00.0	2006	18222	CI	1962	63	6	494.91	6	DI	1962	1	44
4318	57409	00:00.0	2017	19680	CI	1963	62	8	401.59	8	CI	1963	1	54
4592	57573	00:00.0	2023	17432	DI	1981	44	6	491.5	6	DI	1981	1	42
4265	57718	00:00.0	2015	489	CI	1896	129	6	385.78	6	CI	1896	1	119
5072	57748	00:00.0	2008	1438	CI	1952	73	6	160.77	6	CI	1952	1	56
5183	57752	00:00.0	2007	1442	CI	1944	81	6	638.39	6	CI	1944	1	63
4188	57897	00:00.0	2018	1025530	CI	1922	103	6	26.01	6	CI	1922	0	96
4553	58143	00:00.0	2022	178798	DI	1973	52	8	72.2	8	DI	1973	1	49
4007	58155	00:00.0	2014	1024242	DI	1973	52	6	305.29	6	DI	1973	1	41
4514	58169	00:00.0	2022	1024265	CI	1929	96	10	35.27	10	CI	1929	1	93
4549	58318	00:00.0	2022	1024453	CI	1902	123	10	651.68	10	CI	1902	1	120
4606	58360	00:00.0	2012	1024514	CI	1953	72	4	268.61	4	CI	1953	1	59
3919	58377	00:00.0	2015	1024531	CI	1939	86	6	23.45	6	CI	1939	0	76
4831	58395	00:00.0	2006	1024552	CI	1956	69	6	23.3	6	DI	1956	1	50
4780	58426	00:00.0	2009	1024594	CI	1948	77	6	395.31	6	CI	1948	1	61
4456	58426	00:00.0	2021	1024594	CI	1948	77	6	395.31	6	CI	1948	1	73
4186	58506	00:00.0	2018	1024710	CI	1952	73	4	618.59	4	CI	1952	1	66
4481	58515	00:00.0	2021	1024719	CI	1950	75	8	200.67	8	CI	1950	1	71
4091	58612	00:00.0	2014	1024849	CI	1952	73	4	36.25	4	CI	1952	1	62
4359	58631	00:00.0	2020	1024890	CI	1874	151	6	474.7	6	CI	1874	1	146
4910	58709	00:00.0	2005	1024993	CI	1904	121	6	660.36	6	CI	1904	1	101
4110	58722	00:00.0	2014	1025007	CI	1921	104	6	1276.37	6	CI	1921	1	93
4712	58891	00:00.0	2010	1025325	CI	1952	73	6	456.53	6	CI	1952	1	58
5103	58891	00:00.0	2008	1025325	CI	1952	73	6	456.53	6	CI	1952	1	56
4754	58903	00:00.0	2010	16288	CI	1928	97	6	290.44	6	CI	1928	1	82
4772	58936	00:00.0	2009	16397	CI	1940	85	6	612.13	6	CI	1940	1	69
4515	58946	00:00.0	2022	16411	CI	1947	78	6	174.39	6	CI	1947	1	75
5081	58946	00:00.0	2008	16411	CI	1947	78	6	174.39	6	CI	1947	1	61
4066	58949	00:00.0	2014	16416	CI	1941	84	6	173.98	6	CI	1941	1	73
4796	58952	00:00.0	2009	16420	CI	1951	74	6	406.77	6	CI	1951	1	58
4118	58954	00:00.0	2016	16422	CI	1922	103	6	329.44	6	CI	1922	1	94
4125	58956	00:00.0	2016	16424	CI	1951	74	6	418.89	6	CI	1951	1	65
4771	58956	00:00.0	2009	16424	CI	1951	74	6	418.89	6	CI	1951	1	58
4958	58963	00:00.0	2013	16436	CI	1952	73	6	132.8	6	CI	1952	1	61
4927	58964	00:00.0	2006	16458	CI	1941	84	6	405.8	6	CI	1941	1	65
5063	58966	00:00.0	2008	16460	CI	1943	82	6	294.67	6	CI	1943	1	65
5176	58966	00:00.0	2007	16460	CI	1943	82	6	294.67	6	CI	1943	1	64
4847	58967	00:00.0	2005	16461	CI	1952	73	6	217.31	6	CI	1952	1	53
4732	58967	00:00.0	2010	16461	CI	1952	73	6	217.31	6	CI	1952	1	58
4056	58967	00:00.0	2014	16461	CI	1952	73	6	217.31	6	CI	1952	1	62
4057	58967	00:00.0	2014	16461	CI	1952	73	6	217.31	6	CI	1952	1	62
4058	58967	00:00.0	2014	16461	CI	1952	73	6	217.31	6	CI	1952	1	62
4598	58970	00:00.0	2022	16474	CI	1943	82	6	301.58	6	CI	1943	1	79
4522	58972	00:00.0	2022	16477	CI	1943	82	6	233.49	6	CI	1943	1	79
5017	58975	00:00.0	2013	16481	CI	1943	82	6	79.2	6	CI	1943	1	70
4916	58992	00:00.0	2006	16506	CI	1950	75	6	23.73	6	CI	1950	1	56
5120	59009	00:00.0	2007	16523	CI	1943	82	6	365.55	6	CI	1943	1	64
5123	59009	00:00.0	2007	16523	CI	1943	82	6	365.55	6	CI	1943	1	64
4073	59018	00:00.0	2014	16577	CI	1943	82	6	305.09	6	CI	1943	1	71
4185	59019	00:00.0	2018	16578	CI	1943	82	6	545.94	6	CI	1943	1	75
5029	59023	00:00.0	2013	16582	CI	1943	82	10	76.63	10	CI	1943	1	70
4483	59027	00:00.0	2021	16586	CI	1941	84	10	271.52	10	CI	1941	1	80
4399	59032	00:00.0	2021	16591	CI	1943	82	10	18.46	10	CI	1943	1	78
4228	59034	00:00.0	2019	16593	CI	1941	84	6	185.76	6	CI	1941	1	78
5058	59034	00:00.0	2008	16593	CI	1941	84	6	185.76	6	CI	1941	1	67
4254	59035	00:00.0	2019	16594	CI	1941	84	6	17.34	6	CI	1941	1	78
5138	59036	00:00.0	2006	16595	CI	1941	84	6	152.36	6	CI	1941	1	65
4957	59040	00:00.0	2013	16599	CI	1951	74	6	347.31	6	CI	1951	1	62
4366	59059	00:00.0	2020	16620	CI	1950	75	6	52.64	6	CI	1950	1	70
5104	59074	00:00.0	2008	16655	CI	1920	105	6	425.05	6	CI	1920	1	88
4103	59075	00:00.0	2014	16656	CI	1920	105	6	330.37	6	CI	1920	1	94
4104	59075	00:00.0	2014	16656	CI	1920	105	6	330.37	6	CI	1920	1	94
4799	59075	00:00.0	2009	16656	CI	1920	105	6	330.37	6	CI	1920	1	89
4876	59077	00:00.0	2005	16658	CI	1920	105	6	1305.02	6	CI	1920	1	85
3981	59077	00:00.0	2015	16658	CI	1920	105	6	1305.02	6	CI	1920	1	95
5160	59077	00:00.0	2007	16658	CI	1920	105	6	1305.02	6	CI	1920	1	87
4724	59078	00:00.0	2010	16660	CI	1945	80	6	677.84	6	CI	1945	1	65
5070	59079	00:00.0	2008	16661	CI	1945	80	6	545.3	6	CI	1945	1	63
4042	59111	00:00.0	2014	16726	CI	1926	99	10	313.66	10	CI	1926	1	88
4431	59113	00:00.0	2021	16737	CI	1948	77	6	654.01	6	DI	1948	1	73
5159	59113	00:00.0	2007	16737	CI	1948	77	6	654.01	6	DI	1948	1	59
5117	59129	00:00.0	2007	16759	CI	1950	75	6	379	6	CI	1950	1	57
4241	59129	00:00.0	2019	16759	CI	1950	75	6	379	6	CI	1950	1	69
3956	59129	00:00.0	2015	16759	CI	1950	75	6	379	6	CI	1950	1	65
4157	59142	00:00.0	2018	16788	CI	1956	69	6	441.42	6	CI	1956	1	62
4067	59149	00:00.0	2014	16801	CI	1950	75	6	398.28	6	CI	1950	1	64
3961	59149	00:00.0	2015	16801	CI	1950	75	6	398.28	6	CI	1950	1	65
4873	59152	00:00.0	2005	16804	CI	1950	75	6	109.65	6	CI	1950	1	55
4939	59163	00:00.0	2009	16815	CI	1950	75	4	334.91	4	CI	1950	1	59
5028	59163	00:00.0	2013	16815	CI	1950	75	4	334.91	4	CI	1950	1	63
4052	59169	00:00.0	2014	16822	CI	1952	73	6	368.32	6	CI	1952	1	62
4163	59173	00:00.0	2018	16826	CI	1952	73	6	32.86	6	CI	1952	1	66
4048	59180	00:00.0	2014	16833	CI	1915	110	6	251.76	6	CI	1915	1	99
4848	59183	00:00.0	2005	16836	CI	1952	73	6	378.96	6	CI	1952	1	53
5032	59188	00:00.0	2013	16842	CI	1952	73	6	427	6	CI	1952	1	61
5151	59195	00:00.0	2007	16849	CI	1948	77	6	230.96	6	CI	1948	1	59
5073	59195	00:00.0	2008	16849	CI	1948	77	6	230.96	6	CI	1948	1	60
3943	59215	00:00.0	2015	16876	CI	1948	77	6	222.03	6	CI	1948	1	67
4554	59255	00:00.0	2022	16926	CI	1926	99	6	444.49	6	CI	1926	1	96
4262	59257	00:00.0	2011	16929	CI	1925	100	8	305.74	8	CI	1925	1	86
4317	59258	00:00.0	2017	16930	CI	1927	98	6	21.52	6	CI	1927	1	90
4251	59259	00:00.0	2019	16931	CI	1926	99	6	58.76	6	CI	1926	1	93
4748	59259	00:00.0	2010	16931	CI	1926	99	6	58.76	6	CI	1926	1	84
4853	59271	00:00.0	2005	16947	CI	1926	99	6	219.96	6	CI	1926	1	79
4079	59288	00:00.0	2014	16965	CI	1927	98	6	367.22	6	CI	1927	1	87
4759	59295	00:00.0	2010	16973	CI	1948	77	6	339.46	6	CI	1948	1	62
4418	59301	00:00.0	2021	16980	CI	1951	74	6	311.06	6	CI	1951	1	70
4503	59303	00:00.0	2022	16982	CI	1951	74	6	270.39	6	CI	1951	1	71
5051	59303	00:00.0	2008	16982	CI	1951	74	6	270.39	6	CI	1951	1	57
5037	59305	00:00.0	2013	16984	CI	1952	73	6	506.04	6	CI	1952	1	61
4662	59306	00:00.0	2011	16986	CI	1951	74	6	598.52	6	CI	1951	1	60
4660	59306	00:00.0	2011	16986	CI	1951	74	6	598.52	6	CI	1951	1	60
3945	59306	00:00.0	2015	16986	CI	1951	74	6	598.52	6	CI	1951	1	64
4656	59313	00:00.0	2011	16997	CI	1952	73	6	228.16	6	CI	1952	1	59
4425	59316	00:00.0	2021	17000	CI	1950	75	6	533.1	6	CI	1950	1	71
4452	59316	00:00.0	2021	17000	CI	1950	75	6	533.1	6	CI	1950	1	71
4453	59316	NULL	NULL	17000	CI	1950	75	6	533.1	6	CI	1950	1	NULL
4242	59327	00:00.0	2019	17011	CI	1952	73	6	435.17	6	CI	1952	1	67
4678	59327	00:00.0	2011	17011	CI	1952	73	6	435.17	6	CI	1952	1	59
4065	59342	00:00.0	2014	17027	CI	1958	67	6	223.67	6	CI	1958	1	56
3950	59343	00:00.0	2015	17028	CI	1950	75	6	439.31	6	CI	1950	1	65
3949	59345	00:00.0	2015	17030	CI	1950	75	6	316.89	6	CI	1950	1	65
4499	59345	00:00.0	2022	17030	CI	1950	75	6	316.89	6	CI	1950	1	72
4781	59345	00:00.0	2009	17030	CI	1950	75	6	316.89	6	CI	1950	1	59
4893	59360	00:00.0	2005	17045	CI	1958	67	6	328.65	6	CI	1958	1	47
3951	59360	00:00.0	2015	17045	CI	1958	67	6	328.65	6	CI	1958	1	57
4430	59362	00:00.0	2021	17047	CI	1958	67	6	290.04	6	CI	1958	1	63
4124	59366	00:00.0	2016	17051	CI	1958	67	6	220.13	6	CI	1958	1	58
4049	59369	00:00.0	2014	17054	CI	1958	67	6	495.62	6	CI	1958	1	56
4975	59375	00:00.0	2006	17066	CI	1958	67	6	492.7	6	CI	1958	1	48
3953	59379	00:00.0	2015	17072	CI	1958	67	6	480.66	6	CI	1958	1	57
5141	59379	00:00.0	2006	17072	CI	1958	67	6	480.66	6	CI	1958	1	48
4360	59381	00:00.0	2020	17074	CI	1955	70	6	390.18	6	CI	1955	1	65
4323	59382	00:00.0	2019	17075	CI	1955	70	6	383.46	6	CI	1955	1	64
4047	59383	00:00.0	2014	17076	CI	1958	67	6	305.4	6	CI	1958	1	56
3967	59389	00:00.0	2015	17082	CI	1955	70	6	271.39	6	CI	1955	1	60
4054	59389	00:00.0	2014	17082	CI	1955	70	6	271.39	6	CI	1955	1	59
5062	59389	00:00.0	2008	17082	CI	1955	70	6	271.39	6	CI	1955	1	53
4997	59390	00:00.0	2013	17083	CI	1958	67	6	539.95	6	CI	1958	1	55
5142	59391	00:00.0	2007	17085	CI	1955	70	6	115.5	6	CI	1955	1	52
4930	59393	00:00.0	2006	17087	CI	1959	66	6	247.39	6	CI	1959	1	47
4507	59393	00:00.0	2022	17087	CI	1959	66	6	247.39	6	CI	1959	1	63
4615	59394	00:00.0	2012	17088	CI	1959	66	6	406.98	6	CI	1959	1	53
4579	59397	00:00.0	2023	17092	CI	1955	70	6	590.77	6	CI	1955	1	68
4349	59397	00:00.0	2019	17092	CI	1955	70	6	590.77	6	CI	1955	1	64
4193	59398	00:00.0	2018	17093	CI	1955	70	6	486.4	6	CI	1955	1	63
4344	59399	00:00.0	2019	17094	CI	1955	70	6	734.05	6	CI	1955	1	64
5122	59399	00:00.0	2007	17094	CI	1955	70	6	734.05	6	CI	1955	1	52
4757	59403	00:00.0	2010	17099	CI	1953	72	6	405.61	6	CI	1953	1	57
4085	59405	00:00.0	2014	17101	CI	1954	71	6	118.18	6	CI	1954	1	60
3946	59405	00:00.0	2015	17101	CI	1954	71	6	118.18	6	CI	1954	1	61
4039	59428	00:00.0	2016	17533	CI	1943	82	6	324.1	6	CI	1943	1	73
4294	59428	00:00.0	2016	17533	CI	1943	82	6	324.1	6	CI	1943	1	73
5188	59428	00:00.0	2007	17533	CI	1943	82	6	324.1	6	CI	1943	1	64
4653	59429	00:00.0	2011	17534	CI	1941	84	6	419.61	6	CI	1941	1	70
4671	59436	00:00.0	2011	17543	CI	1954	71	6	23.61	6	CI	1954	1	57
4063	59439	00:00.0	2014	17549	CI	1954	71	6	455.12	6	CI	1954	1	60
5189	59523	00:00.0	2007	17132	CI	1927	98	6	380.83	6	CI	1927	1	80
3962	59530	00:00.0	2015	17142	CI	1926	99	6	245.22	6	CI	1926	1	89
4325	59549	00:00.0	2019	17169	CI	1965	60	6	530.6	6	CI	1965	1	54
4060	59569	00:00.0	2014	17195	DI	1981	44	6	507.51	6	DI	1981	1	33
3947	59582	00:00.0	2015	17215	CI	1954	71	6	516.39	6	CI	1954	1	61
4226	59582	00:00.0	2019	17215	CI	1954	71	6	516.39	6	CI	1954	1	65
4428	59582	00:00.0	2021	17215	CI	1954	71	6	516.39	6	CI	1954	1	67
4493	59588	00:00.0	2022	17227	CI	1955	70	6	136.65	6	CI	1955	1	67
4807	59589	00:00.0	2009	17228	CI	1955	70	6	142.73	6	CI	1955	1	54
4172	59590	00:00.0	2018	17229	CI	1955	70	6	30.61	6	CI	1955	1	63
5108	59596	00:00.0	2008	17237	CI	1955	70	6	159.43	6	CI	1955	1	53
4675	59602	00:00.0	2011	17249	CI	1955	70	6	41.65	6	CI	1955	1	56
4713	59605	00:00.0	2010	17253	CI	1956	69	6	348.52	6	CI	1956	1	54
5163	59605	00:00.0	2007	17253	CI	1956	69	6	348.52	6	CI	1956	1	51
4668	59606	00:00.0	2011	17254	CI	1956	69	6	372.39	6	CI	1956	1	55
5175	59611	00:00.0	2007	17259	CI	1957	68	6	423.54	6	CI	1957	1	50
4192	59615	00:00.0	2018	17263	CI	1956	69	6	411.82	6	CI	1956	1	62
4145	59618	00:00.0	2017	17266	CI	1956	69	6	512.68	6	CI	1956	1	61
4498	59618	00:00.0	2022	17266	CI	1956	69	6	512.68	6	CI	1956	1	66
4208	59622	00:00.0	2018	17271	CI	1955	70	6	281.68	6	CI	1955	1	63
4722	59641	00:00.0	2010	17304	CI	1961	64	12	620.99	12	DI	1961	1	49
4348	59651	00:00.0	2019	17316	CI	1957	68	6	333.43	6	CI	1957	1	62
4072	59657	00:00.0	2014	17322	CI	1956	69	6	628.1	6	CI	1956	1	58
4840	59668	00:00.0	2005	17338	CI	1956	69	6	419.69	6	CI	1956	1	49
4835	59668	00:00.0	2006	17338	CI	1956	69	6	419.69	6	CI	1956	1	50
4081	59671	00:00.0	2014	17341	DI	1981	44	6	503.3	6	DI	1981	1	33
4988	59676	00:00.0	2013	17346	DI	1981	44	6	41.2	6	DI	1981	1	32
4270	59703	00:00.0	2016	17383	CI	1963	62	6	10.75	6	CI	1963	1	53
4070	59753	00:00.0	2014	18706	CI	1952	73	6	694.17	6	CI	1952	1	62
4782	59753	00:00.0	2009	18706	CI	1952	73	6	694.17	6	CI	1952	1	57
4029	59847	00:00.0	2014	19104	CI	1895	130	6	82.65	6	CI	1895	1	119
4044	59865	00:00.0	2014	19131	CI	1900	125	6	111.33	6	CI	1900	1	114
4976	59886	00:00.0	2006	19164	CI	1920	105	12	79.02	12	CI	1920	1	86
4311	59953	00:00.0	2017	19480	CI	1895	130	4	400.42	4	CI	1895	1	122
5026	60073	00:00.0	2013	P00806	CI	1960	65	4	520.58	4	CI	1960	0	53
5085	60236	00:00.0	2008	P01053	DI	1991	34	6	480.73	6	DI	1991	0	17
5154	60441	00:00.0	2007	1025521	CI	1952	73	6	67.54	6	CI	1952	1	55
4053	60485	00:00.0	2014	1025574	CI	1947	78	6	16.66	6	CI	1947	1	67
4563	60490	00:00.0	2022	1025580	CI	1958	67	6	177.17	6	CI	1958	1	64
5127	60490	NULL	NULL	1025580	CI	1958	67	6	177.17	6	CI	1958	1	NULL
5126	60491	00:00.0	2007	1025581	CI	1958	67	6	102.57	6	CI	1958	1	49
4491	60492	00:00.0	2022	1025582	CI	1958	67	6	49.15	6	CI	1958	1	64
4008	60492	00:00.0	2014	1025582	CI	1958	67	6	49.15	6	CI	1958	1	56
3948	60545	00:00.0	2015	1025682	CI	1964	61	4	262.78	4	DI	1964	0	51
4617	60545	00:00.0	2012	1025682	CI	1964	61	4	262.78	4	DI	1964	0	48
4059	60548	00:00.0	2014	1025686	CI	1926	99	6	201.45	6	CI	1926	1	88
3999	60560	00:00.0	2014	1025715	CI	1898	127	6	41.6	6	CI	1898	1	116
3942	60757	00:00.0	2015	566	DI	1976	49	8	107.43	8	DI	1976	1	39
5038	60990	00:00.0	2013	1002	DI	1973	52	8	43.35	8	DI	1973	1	40
4346	61003	00:00.0	2019	1019	DI	1971	54	8	179.35	8	DI	1971	1	48
4379	61005	00:00.0	2020	1021	DI	1971	54	6	359.08	6	DI	1971	1	49
4877	61005	00:00.0	2005	1021	DI	1971	54	6	359.08	6	DI	1971	1	34
4720	61108	00:00.0	2010	1927	CI	1956	69	6	62.95	6	CI	1956	1	54
3929	61142	00:00.0	2015	1983	CI	1958	67	6	1261.78	6	CI	1958	1	57
5181	61167	00:00.0	2007	2022	CI	1964	61	6	36.84	6	CI	1964	1	43
4343	61180	00:00.0	2019	2038	CI	1957	68	6	25.43	6	CI	1957	1	62
4450	61198	00:00.0	2021	2072	CI	1957	68	12	141.98	12	CI	1957	1	64
4819	61202	00:00.0	2009	2078	CI	1959	66	6	147.47	6	CI	1959	1	50
4747	61205	00:00.0	2010	2082	CI	1959	66	6	377.07	6	CI	1959	1	51
4397	61219	00:00.0	2020	2097	CI	1964	61	6	230.41	6	CI	1964	1	56
4761	61228	00:00.0	2010	2108	CI	1964	61	6	17.77	6	CI	1964	1	46
4637	61229	00:00.0	2012	2109	CI	1964	61	6	444.75	6	CI	1964	1	48
4703	61353	00:00.0	2011	2322	DI	1983	42	8	288.89	8	DI	1983	1	28
4376	61374	00:00.0	2020	2476	DI	1980	45	6	207.05	6	DI	1980	1	40
4195	61374	00:00.0	2018	2476	DI	1980	45	6	207.05	6	DI	1980	1	38
5093	61399	00:00.0	2008	2584	DI	1975	50	6	586.62	6	DI	1975	1	33
4210	61430	00:00.0	2018	2621	DI	1974	51	6	545.25	6	DI	1974	1	44
4429	61430	00:00.0	2021	2621	DI	1974	51	6	545.25	6	DI	1974	1	47
4269	61433	00:00.0	2014	2624	DI	1971	54	8	334.38	8	DI	1971	1	43
4341	61438	00:00.0	2019	2629	DI	1973	52	6	307.58	6	DI	1973	1	46
4667	61466	00:00.0	2011	2682	DI	1970	55	6	302.79	6	DI	1970	1	41
4412	61472	00:00.0	2021	2688	DI	1990	35	6	590.51	6	DI	1990	1	31
5084	61472	00:00.0	2008	2688	DI	1990	35	6	590.51	6	DI	1990	1	18
4184	61562	00:00.0	2018	3400	CI	1957	68	8	539.24	8	CI	1957	1	61
4647	61570	00:00.0	2012	3410	CI	1960	65	6	448.74	6	CI	1960	1	52
4824	61620	00:00.0	2009	3501	DI	1989	36	6	247.81	6	DI	1989	1	20
4944	61620	00:00.0	2009	3501	DI	1989	36	6	247.81	6	DI	1989	1	20
4634	61688	00:00.0	2012	4283	DI	1980	45	8	73.7	8	DI	1980	1	32
4375	61688	00:00.0	2020	4283	DI	1980	45	8	73.7	8	DI	1980	1	40
4815	61691	00:00.0	2009	4286	DI	1980	45	8	192.55	8	DI	1980	1	29
5186	61715	00:00.0	2007	4489	DI	1996	29	8	465.66	8	DI	1996	1	11
4837	61735	00:00.0	2006	4591	CI	1957	68	6	37.76	6	CI	1957	1	49
4274	62004	00:00.0	2014	1025813	CI	1962	63	16	110.51	16	CI	1962	1	52
4043	62004	00:00.0	2014	1025813	CI	1962	63	16	110.51	16	CI	1962	1	52
4951	62055	00:00.0	2009	206445	CI	1951	74	6	251.06	6	CI	1951	1	58
4105	62082	00:00.0	2014	208093	DI	2014	11	10	609.1	10	DI	2014	1	0
4106	62082	00:00.0	2014	208093	DI	2014	11	10	609.1	10	DI	2014	1	0
4107	62082	00:00.0	2014	208093	DI	2014	11	10	609.1	10	DI	2014	1	0
4108	62083	00:00.0	2014	208094	DI	2014	11	10	383.2	10	DI	2014	1	0
3983	62156	00:00.0	2015	213740	CI	1890	135	6	66.72	6	CI	1890	1	125
4174	62209	00:00.0	2018	216571	CI	1951	74	6	276.4	6	CI	1951	1	67
4324	62209	00:00.0	2019	216571	CI	1951	74	6	276.4	6	CI	1951	1	68
4994	62210	00:00.0	2013	216572	CI	1952	73	6	81.88	6	CI	1952	1	61
4693	62210	00:00.0	2011	216572	CI	1952	73	6	81.88	6	CI	1952	1	59
4775	62379	00:00.0	2009	221565	CI	1926	99	8	662.31	8	CI	1926	1	83
4686	62380	00:00.0	2011	221566	CI	1928	97	6	1237.42	6	CI	1928	1	83
4177	62380	00:00.0	2018	221566	CI	1928	97	6	1237.42	6	CI	1928	1	90
4544	62381	00:00.0	2022	221574	DI	1973	52	3	235.82	3	DI	1973	1	49
4798	62438	00:00.0	2009	224375	CI	1927	98	6	708.09	6	CI	1927	1	82
4406	62461	00:00.0	2021	224420	CI	1927	98	6	219.58	6	CI	1927	1	94
4414	62461	00:00.0	2021	224420	CI	1927	98	6	219.58	6	CI	1927	1	94
4961	62488	00:00.0	2013	224448	CI	1920	105	8	360.69	8	CI	1920	1	93
4655	62489	00:00.0	2011	224449	CI	1920	105	8	318.4	8	CI	1920	1	91
4704	62497	00:00.0	2011	224459	CI	1950	75	6	649.38	6	CI	1950	1	61
4392	62569	00:00.0	2020	225713	CI	1969	56	10	458.32	10	DI	1969	1	51
4338	62684	00:00.0	2019	227845	CI	1912	113	6	434	6	CI	1912	1	107
3964	62692	00:00.0	2015	227857	CI	1928	97	6	13.47	6	CI	1928	1	87
4086	62751	00:00.0	2014	229921	DI	2015	10	12	499.42	12	DI	2015	1	-1
5049	62792	00:00.0	2008	231160	DI	2015	10	6	14.09	6	DI	2015	1	-7
4582	62807	NULL	NULL	231179	DI	2020	5	12	231.59	12	DI	2020	1	NULL
3998	62813	00:00.0	2014	231585	CI	1929	96	6	8.89	6	CI	1929	1	85
4082	62815	00:00.0	2014	231587	CI	1964	61	8	306.27	8	DI	1964	1	50
4116	62818	00:00.0	2014	231591	CI	1951	74	6	492.35	6	CI	1951	1	63
4858	62818	00:00.0	2005	231591	CI	1951	74	6	492.35	6	CI	1951	1	54
4874	62845	00:00.0	2005	231628	CI	1950	75	4	573.42	4	CI	1950	1	55
4409	62845	00:00.0	2021	231628	CI	1950	75	4	573.42	4	CI	1950	1	71
4022	62861	00:00.0	2014	231647	CI	1959	66	6	410.9	6	CI	1959	1	55
3957	62861	00:00.0	2015	231647	CI	1959	66	6	410.9	6	CI	1959	1	56
4130	62862	00:00.0	2016	231648	CI	1959	66	6	669.46	6	CI	1959	1	57
4304	62862	00:00.0	2017	231648	CI	1959	66	6	669.46	6	CI	1959	1	58
4865	62862	00:00.0	2005	231648	CI	1959	66	6	669.46	6	CI	1959	1	46
4972	62862	00:00.0	2006	231648	CI	1959	66	6	669.46	6	CI	1959	1	47
4673	62862	00:00.0	2011	231648	CI	1959	66	6	669.46	6	CI	1959	1	52
4307	62869	00:00.0	2017	231655	CI	1948	77	6	595.05	6	CI	1948	1	69
4280	62869	00:00.0	2016	231655	CI	1948	77	6	595.05	6	CI	1948	1	68
5161	62870	00:00.0	2007	231656	CI	1948	77	6	656	6	CI	1948	1	59
4884	62882	00:00.0	2005	231671	DI	1984	41	6	200.8	6	DI	1984	1	21
4287	62896	00:00.0	2016	231690	CI	1910	115	6	7.52	6	DI	1910	0	106
4291	62943	00:00.0	2016	231752	CI	1916	109	6	31.61	6	CI	1916	1	100
4281	62957	00:00.0	2016	231789	DI	1988	37	6	360.83	6	DI	1988	1	28
4576	62973	00:00.0	2023	231809	CI	1912	113	6	1278.77	6	CI	1912	1	111
4882	63001	00:00.0	2005	233303	CI	1952	73	10	93.24	10	CI	1952	1	53
5086	63008	00:00.0	2008	233346	DI	2007	18	12	509.71	12	DI	2007	1	1
5170	63073	00:00.0	2007	234206	CI	1927	98	4	136.99	4	CI	1927	1	80
3978	63313	00:00.0	2015	237235	CI	1890	135	6	18.89	6	DI	1890	0	125
4816	63503	00:00.0	2009	P00112	DI	1980	45	6	122.24	6	DI	1980	0	29
4510	63735	00:00.0	2022	1218	DI	1973	52	12	233.87	12	DI	1973	1	49
4512	63735	00:00.0	2022	1218	DI	1973	52	12	233.87	12	DI	1973	1	49
4727	63744	00:00.0	2010	1244	CI	1965	60	6	241.64	6	CI	1965	1	45
5194	63744	00:00.0	2007	1244	CI	1965	60	6	241.64	6	CI	1965	1	42
4367	63771	00:00.0	2020	1320	DI	1976	49	12	302.63	12	DI	1976	1	44
4480	63886	00:00.0	2021	2265	CI	1960	65	6	393.23	6	CI	1960	1	61
4586	63895	00:00.0	2023	2275	DI	1971	54	6	598.32	6	CI	1971	1	52
4995	63895	00:00.0	2013	2275	DI	1971	54	6	598.32	6	CI	1971	1	42
4451	64032	00:00.0	2021	2948	CI	1969	56	6	332.91	6	DI	1969	1	52
4891	64045	00:00.0	2005	3824	CI	1969	56	12	175.4	12	CI	1969	1	36
4331	65073	00:00.0	2019	245968	CI	1892	133	6	77.27	6	DI	1892	1	127
5196	65091	NULL	NULL	245993	CI	1912	113	12	102.1	12	CI	1912	1	NULL
4295	65141	00:00.0	2016	247140	DI	2016	9	12	2191	12	DI	2016	1	0
4347	65195	00:00.0	2019	249598	DI	1970	55	6	72.44	6	CI	1970	0	49
4132	65197	NULL	NULL	249600	CI	1931	94	6	37.12	6	CI	1931	0	NULL
4435	65374	00:00.0	2021	271218	DI	1983	42	4	275.63	4	DI	1983	1	38
4312	65379	00:00.0	2017	272419	CI	1913	112	6	30.94	6	CI	1913	1	104
4313	65379	00:00.0	2017	272419	CI	1913	112	6	30.94	6	CI	1913	1	104
4504	65446	00:00.0	2022	274489	CI	1955	70	6	446.3	6	CI	1955	1	67
4140	65468	00:00.0	2017	274518	CI	1947	78	6	804.28	6	CI	1947	1	70
4150	65492	00:00.0	2017	274551	CI	1953	72	4	153.99	4	CI	1953	1	64
5075	65492	00:00.0	2008	274551	CI	1953	72	4	153.99	4	CI	1953	1	55
4424	65493	00:00.0	2021	274552	CI	1953	72	4	117.08	4	CI	1953	1	68
4342	65553	00:00.0	2019	276673	CI	1948	77	6	546.24	6	CI	1948	1	71
4245	65611	00:00.0	2019	277557	CI	1948	77	6	20.1	6	CI	1948	1	71
4337	65637	00:00.0	2019	277993	CI	1927	98	6	631.04	6	CI	1927	1	92
4380	65637	00:00.0	2020	277993	CI	1927	98	6	631.04	6	CI	1927	1	93
4441	65717	00:00.0	2021	291219	CI	1951	74	2	116.23	2	CI	1951	1	70
5168	65761	00:00.0	2007	297210	CI	1890	135	6	50.91	6	CI	1890	1	117
4006	65877	00:00.0	2014	310450	DI	2020	5	6	14.45	6	DI	2020	0	-6
4385	65878	00:00.0	2020	310850	DI	2020	5	6	12.84	6	DI	2020	1	0
4381	65883	00:00.0	2020	313660	CI	1950	75	6	697.58	6	CI	1950	1	70
4382	65883	00:00.0	2020	313660	CI	1950	75	6	697.58	6	CI	1950	1	70
4894	65883	00:00.0	2005	313660	CI	1950	75	6	697.58	6	CI	1950	1	55
4861	65892	00:00.0	2005	314465	CI	1927	98	6	585.58	6	CI	1927	1	78
4845	65902	00:00.0	2005	314867	DI	2019	6	6	105.07	6	DI	2019	1	-14
4846	65902	00:00.0	2005	314867	DI	2019	6	6	105.07	6	DI	2019	1	-14
4897	65906	00:00.0	2005	314872	CI	1926	99	6	255.12	6	CI	1926	1	79
4764	65925	00:00.0	2012	316865	CI	1958	67	6	201.22	6	CI	1958	1	54
4709	65965	00:00.0	2010	322463	CI	1953	72	6	66.68	6	CI	1953	1	57
4779	65966	00:00.0	2009	322464	CI	1953	72	6	327.92	6	CI	1953	1	56
4970	65967	00:00.0	2006	322466	CI	1953	72	6	269.03	6	CI	1953	1	53
4955	65969	00:00.0	2013	322468	CI	1955	70	6	363.69	6	CI	1955	1	58
5113	66040	00:00.0	2006	334469	CI	1958	67	6	11.49	6	CI	1958	1	48
4023	66043	00:00.0	2014	334472	CI	1960	65	6	302.49	6	CI	1960	1	54
5096	66044	00:00.0	2008	334473	CI	1960	65	6	305.26	6	CI	1960	1	48
4421	66050	00:00.0	2021	335271	CI	1958	67	6	828.94	6	CI	1958	1	63
4278	66050	00:00.0	2016	335271	CI	1958	67	6	828.94	6	CI	1958	1	58
4267	66050	00:00.0	2015	335271	CI	1958	67	6	828.94	6	CI	1958	1	57
4387	66057	00:00.0	2020	336468	CI	1966	59	6	13.51	6	CI	1966	0	54
4405	66074	00:00.0	2021	338468	CI	1923	102	4	111.8	4	CI	1923	1	98
4030	66093	00:00.0	2014	341297	CI	1909	116	6	126.17	6	CI	1909	1	105
4310	66105	00:00.0	2017	341698	CI	1899	126	6	723.21	6	CI	1899	1	118
4128	66113	00:00.0	2016	342896	CI	1904	121	6	1052.92	6	CI	1904	1	112
4830	66126	00:00.0	2006	344497	DI	1974	51	8	1234.66	8	CI	1974	1	32
4991	66371	00:00.0	2013	1013151	DI	1985	40	8	599.4	8	DI	1985	1	28
4938	66400	00:00.0	2009	1013179	DI	1999	26	8	358.95	8	DI	1999	1	10
4536	66568	00:00.0	2022	4446	DI	1987	38	12	145.32	12	DI	1987	1	35
4597	66568	00:00.0	2022	4446	DI	1987	38	12	145.32	12	DI	1987	1	35
5111	66692	00:00.0	2005	1013412	DI	2006	19	10	301.18	10	DI	2006	1	-1
4109	66864	00:00.0	2014	1013600	CI	1928	97	6	23.95	6	DI	1928	1	86
4834	66865	00:00.0	2006	1013601	CI	1928	97	6	20.39	6	DI	1928	1	78
5083	66869	00:00.0	2008	1013605	CI	1928	97	6	10.53	6	DI	1928	1	80
4918	66885	00:00.0	2006	1013621	DI	2019	6	6	26.84	6	CI	2019	1	-13
5095	66908	00:00.0	2008	1021266	CI	1949	76	6	36.03	6	DI	1949	1	59
3986	66922	00:00.0	2015	1013663	CI	1926	99	6	45.34	6	CI	1926	1	89
3987	66922	00:00.0	2015	1013663	CI	1926	99	6	45.34	6	CI	1926	1	89
3988	66922	00:00.0	2015	1013663	CI	1926	99	6	45.34	6	CI	1926	1	89
4557	66945	00:00.0	2022	1013687	CI	1927	98	6	44.84	6	CI	1927	1	95
4316	67016	00:00.0	2017	1013770	DI	1974	51	6	45.83	6	DI	1974	1	43
4590	67335	00:00.0	2023	1014161	CI	1900	125	6	427.66	6	DI	1900	1	123
4595	67479	00:00.0	2023	1014324	DI	1986	39	12	703.09	12	DI	1986	1	37
4895	67488	00:00.0	2005	1014340	DI	2003	22	8	12.86	8	DI	2003	1	2
5006	67497	00:00.0	2013	1014390	CI	1963	62	6	455.43	6	CI	1963	1	50
4133	67497	00:00.0	2017	1014390	CI	1963	62	6	455.43	6	CI	1963	1	54
5156	67569	00:00.0	2007	1014447	CI	1946	79	6	35.58	6	DI	1946	1	61
4917	67589	00:00.0	2006	1014438	CI	1952	73	6	38.73	6	CI	1952	1	54
4990	67713	00:00.0	2013	362123	CI	1940	85	6	1033.27	6	CI	1940	1	73
4774	67713	00:00.0	2009	362123	CI	1940	85	6	1033.27	6	CI	1940	1	69
4221	67718	00:00.0	2019	362129	CI	1950	75	8	195.79	8	CI	1950	1	69
4474	67723	00:00.0	2015	362521	CI	1950	75	6	1023.14	6	CI	1950	1	65
3923	67723	00:00.0	2015	362521	CI	1950	75	6	1023.14	6	CI	1950	1	65
4968	67723	00:00.0	2006	362521	CI	1950	75	6	1023.14	6	CI	1950	1	56
5031	67723	00:00.0	2013	362521	CI	1950	75	6	1023.14	6	CI	1950	1	63
4934	67742	00:00.0	2009	363320	CI	1955	70	8	648.1	8	CI	1955	1	54
5018	67758	00:00.0	2013	364123	CI	1953	72	6	665.33	6	CI	1953	1	60
4969	67758	00:00.0	2006	364123	CI	1953	72	6	665.33	6	CI	1953	1	53
4980	67758	00:00.0	2013	364123	CI	1953	72	6	665.33	6	CI	1953	1	60
4750	67758	00:00.0	2010	364123	CI	1953	72	6	665.33	6	CI	1953	1	57
4591	67758	00:00.0	2023	364123	CI	1953	72	6	665.33	6	CI	1953	1	70
5193	67761	00:00.0	2007	364128	CI	1953	72	6	465.32	6	CI	1953	1	54
4731	67765	00:00.0	2010	364132	CI	1953	72	6	148.95	6	CI	1953	1	57
3924	67766	00:00.0	2015	364133	CI	1961	64	6	631.6	6	CI	1961	1	54
4525	67782	00:00.0	2022	367721	CI	1920	105	6	629.61	6	CI	1920	1	102
4806	67849	00:00.0	2009	372542	CI	1923	102	6	298	6	DI	1923	1	86
4467	67849	00:00.0	2021	372542	CI	1923	102	6	298	6	DI	1923	1	98
4468	67849	00:00.0	2021	372542	CI	1923	102	6	298	6	DI	1923	1	98
4408	67857	00:00.0	2021	375736	CI	1955	70	6	760.54	6	CI	1955	1	66
4494	67857	00:00.0	2022	375736	CI	1955	70	6	760.54	6	CI	1955	1	67
4358	67860	00:00.0	2020	375742	CI	1955	70	6	826.96	6	CI	1955	1	65
5112	67860	00:00.0	2005	375742	CI	1955	70	6	826.96	6	CI	1955	1	50
3921	67870	00:00.0	2015	376938	CI	1925	100	6	1820.91	6	CI	1925	1	90
4495	67870	00:00.0	2022	376938	CI	1925	100	6	1820.91	6	CI	1925	1	97
4921	67884	00:00.0	2006	378136	CI	1928	97	3	77.89	3	DI	1928	1	78
4795	67885	00:00.0	2009	378137	CI	1948	77	6	1253.02	6	CI	1948	1	61
4608	67885	00:00.0	2012	378137	CI	1948	77	6	1253.02	6	CI	1948	1	64
4581	67885	00:00.0	2023	378137	CI	1948	77	6	1253.02	6	CI	1948	1	75
4403	67885	00:00.0	2021	378137	CI	1948	77	6	1253.02	6	CI	1948	1	73
4550	67894	00:00.0	2022	379339	CI	1969	56	8	341.24	8	CI	1969	1	53
4411	67899	00:00.0	2021	379346	CI	1965	60	8	790.44	8	CI	1965	1	56
4823	67919	00:00.0	2009	384144	CI	1949	76	6	438.71	6	CI	1949	1	60
5050	67919	00:00.0	2008	384144	CI	1949	76	6	438.71	6	CI	1949	1	59
5048	67919	00:00.0	2008	384144	CI	1949	76	6	438.71	6	CI	1949	1	59
4528	67920	00:00.0	2022	385345	CI	1904	121	6	32.35	6	CI	1904	1	118
4829	67933	00:00.0	2006	388545	CI	1901	124	4	314.06	4	CI	1901	1	105
4025	67936	00:00.0	2014	390545	CI	1888	137	6	926	6	CI	1888	1	126
4749	67971	00:00.0	2010	394146	DI	2013	12	6	98.15	6	DI	2013	1	-3
4511	67978	00:00.0	2022	396953	CI	1927	98	4	2608.89	4	CI	1927	1	95
3969	67978	00:00.0	2015	396953	CI	1927	98	4	2608.89	4	CI	1927	1	88
3970	67978	00:00.0	2015	396953	CI	1927	98	4	2608.89	4	CI	1927	1	88
4111	67982	00:00.0	2014	398147	CI	1962	63	6	981.7	6	CI	1962	1	52
3930	67987	00:00.0	2015	399346	CI	1953	72	6	883.14	6	CI	1953	1	62
4497	67992	00:00.0	2022	400946	CI	1922	103	6	576.57	6	CI	1922	1	100
4906	67992	00:00.0	2005	400946	CI	1922	103	6	576.57	6	CI	1922	1	83
4907	67992	00:00.0	2005	400946	CI	1922	103	6	576.57	6	CI	1922	1	83
4737	68005	00:00.0	2010	402964	CI	1904	121	6	1263.08	6	CI	1904	1	106
4036	68063	00:00.0	2016	409784	CI	1905	120	2	383.86	2	CI	1905	1	111
4309	68119	00:00.0	2017	414582	DI	1978	47	8	158.37	8	DI	1978	1	39
3965	68120	00:00.0	2015	414584	DI	1978	47	8	410.82	8	DI	1978	1	37
4135	68120	00:00.0	2017	414584	DI	1978	47	8	410.82	8	DI	1978	1	39
4555	68188	00:00.0	2022	420640	CI	1920	105	6	10.08	6	DI	1920	1	102
4558	68205	00:00.0	2022	422598	CI	1927	98	6	53.4	6	CI	1927	0	95
5036	68205	00:00.0	2013	422598	CI	1927	98	6	53.4	6	CI	1927	0	86
4117	68215	00:00.0	2014	424197	CI	1959	66	6	681.46	6	CI	1959	1	55
4940	68312	00:00.0	2009	439030	DI	2013	12	12	572.25	12	DI	2013	1	-4
3994	68331	00:00.0	2014	441048	DI	1997	28	12	629.15	12	DI	1997	0	17
4466	68331	00:00.0	2021	441048	DI	1997	28	12	629.15	12	DI	1997	0	24
4475	68331	00:00.0	2021	441048	DI	1997	28	12	629.15	12	DI	1997	0	24
4476	68331	00:00.0	2021	441048	DI	1997	28	12	629.15	12	DI	1997	0	24
4477	68331	00:00.0	2020	441048	DI	1997	28	12	629.15	12	DI	1997	0	23
4478	68331	00:00.0	2019	441048	DI	1997	28	12	629.15	12	DI	1997	0	22
3995	68382	00:00.0	2014	443863	DI	1971	54	8	469.43	8	DI	1971	1	43
5074	68422	00:00.0	2008	449076	CI	1930	95	6	692.94	6	CI	1930	1	78
4594	68438	NULL	NULL	452772	CI	1905	120	12	267.83	12	CI	1905	1	NULL
4136	68453	00:00.0	2017	453134	CI	1921	104	6	629.22	6	CI	1921	1	96
4588	68457	00:00.0	2023	453142	CI	1905	120	12	169.8	12	CI	1905	1	118
4585	68460	00:00.0	2023	453148	CI	1905	120	10	411.16	10	CI	1905	1	118
4593	68471	NULL	NULL	454335	DI	2023	2	4	23.53	4	DI	2023	1	NULL
4596	68487	00:00.0	2023	457161	CI	1964	61	4	44.57	4	CI	1964	1	59
4881	68490	00:00.0	2005	457960	CI	1886	139	2	401.32	2	CI	1886	0	119
5131	68490	00:00.0	2007	457960	CI	1886	139	2	401.32	2	CI	1886	0	121
5191	68490	00:00.0	2007	457960	CI	1886	139	2	401.32	2	CI	1886	0	121
4729	68492	00:00.0	2010	458361	DI	2010	15	6	4.53	6	DI	2010	1	0
4736	68493	00:00.0	2010	458362	CI	1925	100	6	7.49	6	CI	1925	0	85
4131	68519	00:00.0	2016	461187	CI	1900	125	6	325.17	6	DI	1900	1	116
4822	68523	00:00.0	2009	461191	CI	1900	125	6	417.16	6	CI	1900	1	109
4203	68570	00:00.0	2018	468822	CI	1964	61	6	53.46	6	DI	1964	0	54
4055	68584	00:00.0	2014	470819	CI	1925	100	6	818.63	6	CI	1925	1	89
5179	68584	NULL	NULL	470819	CI	1925	100	6	818.63	6	CI	1925	1	NULL
5180	68584	NULL	NULL	470819	CI	1925	100	6	818.63	6	CI	1925	1	NULL
4649	68612	00:00.0	2012	473235	CI	1925	100	6	1002.04	6	DI	1925	1	87
4844	68624	00:00.0	2005	NULL	CI	1890	135	4	576.74	4	CI	1890	1	115
4490	68630	NULL	NULL	NULL	CI	1926	99	6	666.51	6	CI	1926	1	NULL
4923	68631	00:00.0	2006	1019187	CI	1952	73	4	524.24	4	CI	1952	1	54
4038	68648	00:00.0	2016	1014466	CI	1942	83	6	28.44	6	CI	1942	1	74
4252	68649	00:00.0	2019	1014471	CI	1952	73	4	50.25	4	CI	1952	1	67
4899	68649	00:00.0	2005	1014471	CI	1952	73	4	50.25	4	CI	1952	1	53
4950	68650	00:00.0	2009	1014476	CI	1952	73	6	428.06	6	CI	1952	1	57
5053	68651	00:00.0	2008	1014470	CI	1952	73	6	24.61	6	DI	1952	1	56
4901	68653	00:00.0	2005	1025405	CI	1952	73	4	311.37	4	CI	1952	1	53
4813	68653	00:00.0	2009	1025405	CI	1952	73	4	311.37	4	CI	1952	1	57
4623	68702	00:00.0	2012	1022151	DI	2000	25	6	410.88	6	DI	2000	1	12
4624	68702	00:00.0	2012	1022151	DI	2000	25	6	410.88	6	DI	2000	1	12
4706	68702	00:00.0	2010	1022151	DI	2000	25	6	410.88	6	DI	2000	1	10
4638	68709	00:00.0	2012	1014495	DI	2000	25	6	353.7	6	DI	2000	1	12
4326	68709	00:00.0	2019	1014495	DI	2000	25	6	353.7	6	DI	2000	1	19
3916	68709	00:00.0	2015	1014495	DI	2000	25	6	353.7	6	DI	2000	1	15
5102	68709	00:00.0	2008	1014495	DI	2000	25	6	353.7	6	DI	2000	1	8
4263	68712	00:00.0	2015	1014497	CI	1966	59	6	286.41	6	CI	1966	1	49
4915	68748	00:00.0	2006	1022406	CI	1960	65	6	30.27	6	DI	1960	1	46
4963	68797	00:00.0	2006	1014531	CI	1954	71	6	182	6	CI	1954	1	52
4415	68811	00:00.0	2021	1014545	CI	1954	71	6	858.62	6	CI	1954	1	67
3913	68811	00:00.0	2015	1014545	CI	1954	71	6	858.62	6	CI	1954	1	61
3990	68811	00:00.0	2014	1014545	CI	1954	71	6	858.62	6	CI	1954	1	60
3991	68813	00:00.0	2014	1021712	CI	1954	71	6	175.25	6	CI	1954	1	60
5137	68817	00:00.0	2006	1014546	CI	1962	63	6	6.57	6	DI	1962	0	44
4948	68845	00:00.0	2009	1014572	CI	1962	63	4	1119.58	4	DI	1962	1	47
4642	68845	00:00.0	2012	1014572	CI	1962	63	4	1119.58	4	DI	1962	1	50
4488	68846	00:00.0	2021	1014576	CI	1962	63	6	507.21	6	DI	1962	1	59
4168	68868	00:00.0	2018	1021699	DI	1973	52	6	172.45	6	DI	1973	1	45
4365	68879	00:00.0	2020	1014594	DI	2008	17	6	166.26	6	DI	2008	1	12
4284	68883	00:00.0	2016	1014597	CI	1960	65	12	937.01	12	CI	1960	1	56
3914	68887	NULL	NULL	1014599	DI	2002	23	6	143.13	6	DI	2002	1	NULL
3915	68887	NULL	NULL	1014599	DI	2002	23	6	143.13	6	DI	2002	1	NULL
4320	69040	00:00.0	2017	1014762	CI	1965	60	10	411.99	10	CI	1965	1	52
4261	69098	00:00.0	2010	1017667	DI	1971	54	8	360.96	8	DI	1971	0	39
4746	69110	00:00.0	2010	1014836	CI	1953	72	8	440.26	8	CI	1953	1	57
4928	69110	00:00.0	2006	1014836	CI	1953	72	8	440.26	8	CI	1953	1	53
4904	69129	00:00.0	2005	1014854	CI	1956	69	6	45.85	6	CI	1956	1	49
4191	69129	00:00.0	2018	1014854	CI	1956	69	6	45.85	6	CI	1956	1	62
4482	69194	00:00.0	2021	1023122	CI	1960	65	6	31.54	6	CI	1960	1	61
4535	69194	00:00.0	2022	1023122	CI	1960	65	6	31.54	6	CI	1960	1	62
5069	69293	00:00.0	2008	1015029	CI	1926	99	6	581.3	6	CI	1926	1	82
4165	69305	00:00.0	2018	1015031	CI	1926	99	6	42.47	6	CI	1926	1	92
4719	69349	00:00.0	2010	1015091	DI	1987	38	8	422.28	8	DI	1987	1	23
4167	69404	00:00.0	2018	1015151	CI	1925	100	12	355.48	12	CI	1925	1	93
4692	69405	00:00.0	2011	1015152	CI	1925	100	12	56.91	12	CI	1925	1	86
4777	69482	00:00.0	2009	1015250	CI	1925	100	6	272.65	6	CI	1925	1	84
4533	69887	00:00.0	2022	1015728	DI	1985	40	12	573.73	12	DI	1985	1	37
4471	69887	00:00.0	2021	1015728	DI	1985	40	12	573.73	12	DI	1985	1	36
4486	69981	00:00.0	2021	1015810	CI	1960	65	10	474.05	10	DI	1960	1	61
4811	69981	00:00.0	2009	1015810	CI	1960	65	10	474.05	10	DI	1960	1	49
4465	69981	00:00.0	2021	1015810	CI	1960	65	10	474.05	10	DI	1960	1	61
4440	69996	00:00.0	2021	1015829	CI	1876	149	6	439.99	6	CI	1876	1	145
4570	70070	00:00.0	2023	1616	CI	1920	105	6	21.02	6	CI	1920	1	103
4572	70070	00:00.0	2023	1616	CI	1920	105	6	21.02	6	CI	1920	1	103
4983	70084	00:00.0	2013	1635	CI	1905	120	6	361.1	6	CI	1905	1	108
4457	70084	00:00.0	2021	1635	CI	1905	120	6	361.1	6	CI	1905	1	116
4002	70095	00:00.0	2014	1651	CI	1907	118	6	108.19	6	CI	1907	1	107
5010	70117	00:00.0	2013	1677	CI	1927	98	6	748.58	6	CI	1927	1	86
4003	70119	00:00.0	2014	1679	CI	1927	98	6	24.65	6	DI	1927	1	87
4768	70122	00:00.0	2012	1683	CI	1927	98	6	468.26	6	CI	1927	1	85
4199	70169	00:00.0	2018	1761	CI	1947	78	6	62.01	6	CI	1947	1	71
4285	70171	00:00.0	2016	1763	CI	1946	79	6	48.01	6	CI	1946	1	70
4529	70172	00:00.0	2022	1764	CI	1946	79	6	44.4	6	CI	1946	1	76
4266	70206	00:00.0	2015	1819	CI	1928	97	6	31.71	6	CI	1928	1	87
4015	70229	00:00.0	2014	1876	CI	1949	76	6	428.32	6	CI	1949	1	65
4651	70229	00:00.0	2011	1876	CI	1949	76	6	428.32	6	CI	1949	1	62
4368	70236	00:00.0	2020	1976	CI	1954	71	10	336.62	10	CI	1954	1	66
4021	70237	00:00.0	2014	2004	CI	1955	70	6	515.29	6	CI	1955	1	59
4942	70239	00:00.0	2009	2011	CI	1954	71	6	463.37	6	CI	1954	1	55
4314	70241	NULL	NULL	3611	CI	1925	100	6	607.7	6	DI	1925	1	NULL
3908	70265	00:00.0	2014	3635	CI	1925	100	6	12.37	6	DI	1925	1	89
5030	70280	00:00.0	2013	3652	CI	1930	95	6	606.2	6	CI	1930	1	83
5105	70312	00:00.0	2008	3032	CI	1953	72	4	32.41	4	CI	1953	1	55
4971	70313	00:00.0	2006	3034	CI	1953	72	6	332.29	6	CI	1953	1	53
4578	70314	00:00.0	2023	3035	CI	1953	72	4	18.65	4	CI	1953	1	70
4966	70317	00:00.0	2006	3039	CI	1955	70	6	456.87	6	CI	1955	1	51
4776	70317	00:00.0	2009	3039	CI	1955	70	6	456.87	6	CI	1955	1	54
4253	70317	00:00.0	2019	3039	CI	1955	70	6	456.87	6	CI	1955	1	64
4321	70322	00:00.0	2018	3049	CI	1952	73	6	622.48	6	CI	1952	1	66
4902	70324	00:00.0	2005	3052	CI	1952	73	6	374.9	6	CI	1952	1	53
4616	70325	00:00.0	2012	3054	CI	1952	73	6	404.46	6	CI	1952	1	60
4149	70326	00:00.0	2017	3056	CI	1953	72	6	621.69	6	CI	1953	1	64
3907	70348	00:00.0	2014	3124	CI	1950	75	6	370.13	6	CI	1950	1	64
3905	70357	00:00.0	2014	3139	CI	1950	75	6	138.61	6	CI	1950	1	64
4905	70357	00:00.0	2005	3139	CI	1950	75	6	138.61	6	CI	1950	1	55
4004	70397	00:00.0	2014	3271	CI	1927	98	6	27.42	6	CI	1927	1	87
4841	70398	00:00.0	2005	3272	CI	1927	98	6	740.99	6	CI	1927	1	78
4962	70428	00:00.0	2006	3317	CI	1960	65	6	356.73	6	CI	1960	1	46
4201	70432	00:00.0	2018	3338	CI	1946	79	6	234.58	6	CI	1946	1	72
5008	70433	00:00.0	2013	3339	CI	1946	79	6	17.4	6	CI	1946	1	67
5014	70434	00:00.0	2013	3391	CI	1956	69	6	689.24	6	CI	1956	1	57
4650	70434	00:00.0	2012	3391	CI	1956	69	6	689.24	6	CI	1956	1	56
4959	70500	00:00.0	2013	3588	CI	1926	99	6	34.29	6	CI	1926	1	87
4315	70515	NULL	NULL	3608	CI	1961	64	12	396.1	12	CI	1961	1	NULL
5190	70549	00:00.0	2007	3696	CI	1928	97	6	31.11	6	CI	1928	1	79
5121	70561	00:00.0	2007	3711	CI	1952	73	6	621.23	6	CI	1952	1	55
3997	70564	00:00.0	2014	3714	CI	1926	99	10	624.06	10	CI	1926	1	88
3906	70613	00:00.0	2014	3779	CI	1930	95	6	739.16	6	CI	1930	1	84
5164	70620	00:00.0	2007	3792	CI	1952	73	6	509	6	CI	1952	1	55
4459	70642	00:00.0	2021	3842	CI	1950	75	4	579.01	4	CI	1950	1	71
4473	70642	00:00.0	2021	3842	CI	1950	75	4	579.01	4	CI	1950	1	71
4518	70659	00:00.0	2022	3889	CI	1949	76	6	19.2	6	DI	1949	1	73
4513	70669	00:00.0	2022	3899	CI	1957	68	6	36.7	6	DI	1957	1	65
3917	70670	00:00.0	2015	3900	CI	1957	68	6	272.91	6	DI	1957	1	58
5002	70672	00:00.0	2013	3903	CI	1957	68	6	18.08	6	DI	1957	1	56
4256	70673	00:00.0	2019	3904	CI	1957	68	6	637.06	6	DI	1957	1	62
4986	70677	00:00.0	2013	3908	CI	1939	86	6	34.35	6	DI	1939	1	74
4235	70704	00:00.0	2019	3957	CI	1928	97	6	703.26	6	CI	1928	1	91
5110	70721	00:00.0	2005	4006	DI	1970	55	6	485.54	6	DI	1970	1	35
3904	70725	00:00.0	2014	4157	CI	1954	71	6	462.71	6	CI	1954	1	60
4721	70725	00:00.0	2010	4157	CI	1954	71	6	462.71	6	CI	1954	1	56
4964	70726	00:00.0	2006	4159	CI	1954	71	6	385.71	6	CI	1954	1	52
5172	70769	00:00.0	2007	4834	CI	1898	127	6	156.91	6	CI	1898	1	109
5041	70871	00:00.0	2013	5032	CI	1928	97	6	573.58	6	CI	1928	1	85
5004	70887	00:00.0	2013	5063	CI	1902	123	6	273.87	6	CI	1902	1	111
4523	70939	00:00.0	2022	5131	CI	1901	124	6	359.91	6	CI	1901	1	121
4202	70980	00:00.0	2018	5593	CI	1950	75	10	51.26	10	CI	1950	1	68
4137	70983	00:00.0	2017	5596	CI	1950	75	6	590.28	6	CI	1950	1	67
4275	70999	00:00.0	2015	5618	CI	1957	68	6	642.88	6	DI	1957	1	58
4602	70999	00:00.0	2012	5618	CI	1957	68	6	642.88	6	DI	1957	1	55
3920	71000	00:00.0	2015	5619	CI	1959	66	10	287.95	10	CI	1959	1	56
4339	71012	00:00.0	2019	5632	CI	1944	81	6	335.97	6	DI	1944	1	75
4682	71125	00:00.0	2011	7096	CI	1953	72	6	650.25	6	CI	1953	1	58
4913	71132	00:00.0	2005	7118	CI	1954	71	6	693.86	6	CI	1954	1	51
4009	71338	00:00.0	2014	5460	CI	1929	96	6	346.21	6	CI	1929	1	85
4765	71355	00:00.0	2012	5485	CI	1941	84	6	25.01	6	CI	1941	1	71
4489	71360	00:00.0	2021	5495	CI	1927	98	6	383.19	6	CI	1927	1	94
5061	71360	00:00.0	2008	5495	CI	1927	98	6	383.19	6	CI	1927	1	81
4620	71372	00:00.0	2012	5511	CI	1957	68	6	333.43	6	DI	1957	1	55
5088	71388	00:00.0	2008	5539	CI	1955	70	6	65.43	6	CI	1955	1	53
4914	71422	00:00.0	2005	5640	CI	1961	64	6	286.35	6	CI	1961	1	44
3918	71426	00:00.0	2015	5644	CI	1952	73	6	116.19	6	CI	1952	1	63
4322	71429	00:00.0	2019	5647	CI	1952	73	6	592.29	6	CI	1952	1	67
4231	71429	00:00.0	2019	5647	CI	1952	73	6	592.29	6	CI	1952	1	67
4232	71429	00:00.0	2019	5647	CI	1952	73	6	592.29	6	CI	1952	1	67
5013	71429	00:00.0	2013	5647	CI	1952	73	6	592.29	6	CI	1952	1	61
5119	71429	00:00.0	2007	5647	CI	1952	73	6	592.29	6	CI	1952	1	55
5015	71444	00:00.0	2013	5668	CI	1955	70	6	408.45	6	CI	1955	1	58
4657	71444	00:00.0	2011	5668	CI	1955	70	6	408.45	6	CI	1955	1	56
4851	71446	00:00.0	2005	5670	CI	1954	71	6	23.02	6	CI	1954	1	51
3922	71454	00:00.0	2015	5681	CI	1954	71	6	758.8	6	CI	1954	1	61
4700	71455	00:00.0	2011	5682	CI	1954	71	6	516.42	6	CI	1954	1	57
4384	71936	00:00.0	2020	1016417	DI	1997	28	12	38.55	12	DI	1997	1	23
4469	71937	00:00.0	2021	1016418	DI	1997	28	12	65.63	12	DI	1997	1	24
4273	71937	00:00.0	2014	1016418	DI	1997	28	12	65.63	12	DI	1997	1	17
4543	72005	00:00.0	2022	1025616	DI	2001	24	8	231.9	8	DI	2001	1	21
4738	72200	00:00.0	2010	1016678	CI	1894	131	6	341.53	6	CI	1894	1	116
4974	72223	00:00.0	2006	1016706	CI	1895	130	6	458.96	6	CI	1895	1	111
4330	72324	00:00.0	2019	1016821	CI	1896	129	10	162.48	10	CI	1896	1	123
4531	72328	00:00.0	2022	1016832	CI	1900	125	6	507.01	6	CI	1900	1	122
5195	72609	00:00.0	2007	1017176	CI	1886	139	4	31.52	4	CI	1886	1	121
4766	72854	00:00.0	2012	1017442	CI	1950	75	6	3.7	6	DI	1950	1	62
4181	72863	00:00.0	2018	5685	CI	1953	72	6	623.93	6	CI	1953	1	65
4398	72872	00:00.0	2020	5696	CI	1959	66	6	367.13	6	CI	1959	1	61
4878	72875	00:00.0	2005	5701	CI	1941	84	6	207.24	6	CI	1941	1	64
4817	72880	00:00.0	2009	5706	CI	1941	84	6	332.7	6	CI	1941	1	68
5005	72887	00:00.0	2013	5718	CI	1941	84	6	327.14	6	CI	1941	1	72
4992	72895	00:00.0	2013	5730	CI	1959	66	6	504.1	6	CI	1959	1	54
4763	72895	00:00.0	2010	5730	CI	1959	66	6	504.1	6	CI	1959	1	51
4289	72895	00:00.0	2016	5730	CI	1959	66	6	504.1	6	CI	1959	1	57
4153	72895	00:00.0	2018	5730	CI	1959	66	6	504.1	6	CI	1959	1	59
4945	72896	00:00.0	2009	5731	CI	1959	66	6	458.88	6	CI	1959	1	50
4609	72903	00:00.0	2012	5742	CI	1957	68	6	498.98	6	CI	1957	1	55
5090	72903	00:00.0	2008	5742	CI	1957	68	6	498.98	6	CI	1957	1	51
4699	72907	00:00.0	2011	5746	CI	1959	66	6	39.79	6	CI	1959	1	52
4472	72911	00:00.0	2021	5751	CI	1955	70	6	146.52	6	CI	1955	1	66
3985	72911	00:00.0	2015	5751	CI	1955	70	6	146.52	6	CI	1955	1	60
5100	72913	00:00.0	2008	5756	CI	1955	70	6	397.45	6	CI	1955	1	53
4005	72993	00:00.0	2014	5857	CI	1910	115	6	416.22	6	CI	1910	1	104
4605	73037	00:00.0	2012	5901	CI	1928	97	6	20.56	6	DI	1928	1	84
4239	73124	00:00.0	2019	6003	CI	1928	97	6	15.95	6	CI	1928	1	91
4984	73182	00:00.0	2013	6087	CI	1921	104	6	216.04	6	CI	1921	1	92
5109	73400	00:00.0	2005	6543	CI	1952	73	6	452.73	6	CI	1952	1	53
4534	73408	00:00.0	2022	6564	CI	1905	120	6	27.78	6	CI	1905	1	117
4229	73536	00:00.0	2019	6898	CI	1950	75	6	325.67	6	CI	1950	1	69
4967	73538	00:00.0	2006	6900	CI	1949	76	6	529.28	6	CI	1949	1	57
4788	73538	00:00.0	2009	6900	CI	1949	76	6	529.28	6	CI	1949	1	60
4825	73609	00:00.0	2009	6995	CI	1926	99	6	37.04	6	CI	1926	1	83
4790	73649	00:00.0	2009	7041	CI	1953	72	6	239.17	6	CI	1953	1	56
5022	73656	00:00.0	2013	7050	CI	1953	72	6	433.09	6	CI	1953	1	60
4209	73656	00:00.0	2018	7050	CI	1953	72	6	433.09	6	CI	1953	1	65
3928	73658	00:00.0	2015	7052	CI	1953	72	6	632.25	6	CI	1953	1	62
4541	73658	00:00.0	2022	7052	CI	1953	72	6	632.25	6	CI	1953	1	69
4521	73658	00:00.0	2022	7052	CI	1953	72	6	632.25	6	CI	1953	1	69
4506	73664	00:00.0	2022	7060	CI	1953	72	6	234.17	6	CI	1953	1	69
4445	73694	00:00.0	2021	7151	CI	1954	71	6	63.63	6	CI	1954	1	67
5147	73707	00:00.0	2007	7185	CI	1953	72	6	286.04	6	CI	1953	1	54
4783	73712	00:00.0	2009	7193	CI	1954	71	6	611.21	6	CI	1954	1	55
3925	73718	00:00.0	2015	7200	CI	1954	71	8	293.6	8	CI	1954	1	61
4016	73718	00:00.0	2014	7200	CI	1954	71	8	293.6	8	CI	1954	1	60
4516	73719	00:00.0	2022	7204	CI	1954	71	8	288.14	8	CI	1954	1	68
4679	73724	00:00.0	2011	7209	CI	1956	69	6	354.2	6	CI	1956	1	55
4760	73724	00:00.0	2010	7209	CI	1956	69	6	354.2	6	CI	1956	1	54
4993	73730	00:00.0	2013	7226	CI	1955	70	6	12.86	6	CI	1955	1	58
4932	73736	00:00.0	2006	7234	CI	1948	77	6	18.68	6	CI	1948	1	58
4931	73740	00:00.0	2006	7244	CI	1954	71	4	358.25	4	CI	1954	1	52
4014	73742	00:00.0	2014	7247	CI	1954	71	4	485.25	4	CI	1954	1	60
4169	73742	00:00.0	2018	7247	CI	1954	71	4	485.25	4	CI	1954	1	64
4708	73744	00:00.0	2010	7258	CI	1948	77	6	450.58	6	CI	1948	1	62
5145	73757	00:00.0	2007	7273	CI	1953	72	6	382.66	6	CI	1953	1	54
4434	73760	00:00.0	2021	7276	CI	1953	72	6	380.39	6	CI	1953	1	68
4370	73770	00:00.0	2020	7290	CI	1948	77	6	450.41	6	CI	1948	1	72
3932	73770	00:00.0	2015	7290	CI	1948	77	6	450.41	6	CI	1948	1	67
4372	73774	00:00.0	2020	7297	CI	1941	84	6	581.52	6	CI	1941	1	79
4461	73774	00:00.0	2021	7297	CI	1941	84	6	581.52	6	CI	1941	1	80
4462	73774	00:00.0	2021	7297	CI	1941	84	6	581.52	6	CI	1941	1	80
3939	73775	00:00.0	2015	7298	CI	1948	77	6	924.27	6	CI	1948	1	67
4391	73780	00:00.0	2020	7304	CI	1955	70	6	367.28	6	CI	1955	1	65
5042	73789	00:00.0	2013	7321	CI	1952	73	6	298.19	6	CI	1952	1	61
4019	73791	00:00.0	2014	7323	CI	1952	73	6	70.99	6	CI	1952	1	62
5162	73795	00:00.0	2007	7329	CI	1957	68	8	156.82	8	CI	1957	1	50
4126	73800	00:00.0	2016	7335	CI	1950	75	4	60.93	4	CI	1950	1	66
5146	73812	00:00.0	2007	7347	CI	1950	75	6	23.31	6	CI	1950	1	57
4439	73816	00:00.0	2021	7351	CI	1952	73	8	457.25	8	CI	1952	1	69
5171	73825	00:00.0	2007	7360	CI	1953	72	6	406.31	6	CI	1953	1	54
4011	73831	00:00.0	2014	7366	CI	1953	72	4	46.34	4	CI	1953	1	61
4219	73833	00:00.0	2019	7368	CI	1953	72	4	541.73	4	CI	1953	1	66
4010	73834	00:00.0	2014	7369	CI	1953	72	6	400.34	6	CI	1953	1	61
4200	73836	00:00.0	2018	7371	CI	1953	72	6	183.28	6	CI	1953	1	65
4197	73841	00:00.0	2018	7376	CI	1953	72	6	222.67	6	CI	1953	1	65
3935	73843	00:00.0	2015	7380	CI	1953	72	4	1014.2	4	CI	1953	1	62
4645	73855	00:00.0	2012	7399	CI	1954	71	6	331.17	6	CI	1954	1	58
4196	73857	00:00.0	2018	7401	CI	1952	73	6	67.94	6	CI	1952	1	66
3931	73867	00:00.0	2015	7411	CI	1952	73	6	341.12	6	CI	1952	1	63
4026	73921	00:00.0	2014	7481	CI	1952	73	6	398.88	6	CI	1952	1	62
4879	73921	00:00.0	2005	7481	CI	1952	73	6	398.88	6	CI	1952	1	53
4887	73921	00:00.0	2005	7481	CI	1952	73	6	398.88	6	CI	1952	1	53
5106	73925	00:00.0	2008	7485	CI	1952	73	4	347.66	4	CI	1952	1	56
4941	73934	00:00.0	2009	7495	CI	1946	79	6	199.17	6	CI	1946	1	63
4981	73935	00:00.0	2013	7498	CI	1949	76	6	310.34	6	CI	1949	1	64
3960	73935	00:00.0	2015	7498	CI	1949	76	6	310.34	6	CI	1949	1	66
4619	73965	00:00.0	2012	7539	DI	1993	32	8	123.01	8	DI	1993	1	19
4484	73984	00:00.0	2021	7568	CI	1958	67	6	173.13	6	DI	1958	1	63
4171	73984	00:00.0	2018	7568	CI	1958	67	6	173.13	6	DI	1958	1	60
3912	73992	00:00.0	2015	7582	CI	1957	68	8	261.55	8	CI	1957	1	58
4183	73994	00:00.0	2018	7584	CI	1957	68	6	192.04	6	CI	1957	1	61
4849	73994	00:00.0	2005	7584	CI	1957	68	6	192.04	6	CI	1957	1	48
4633	73998	00:00.0	2012	7589	CI	1957	68	8	461.31	8	CI	1957	1	55
4639	73998	00:00.0	2012	7589	CI	1957	68	8	461.31	8	CI	1957	1	55
5071	73998	00:00.0	2008	7589	CI	1957	68	8	461.31	8	CI	1957	1	51
4855	74001	00:00.0	2005	7593	CI	1951	74	6	435.17	6	CI	1951	1	54
4890	74001	00:00.0	2005	7593	CI	1951	74	6	435.17	6	CI	1951	1	54
4946	74001	00:00.0	2009	7593	CI	1951	74	6	435.17	6	CI	1951	1	58
3911	74001	00:00.0	2015	7593	CI	1951	74	6	435.17	6	CI	1951	1	64
3909	74001	00:00.0	2015	7593	CI	1951	74	6	435.17	6	CI	1951	1	64
3910	74004	00:00.0	2015	7597	CI	1941	84	6	374.14	6	CI	1941	1	74
4094	74004	00:00.0	2014	7597	CI	1941	84	6	374.14	6	CI	1941	1	73
4095	74004	00:00.0	2014	7597	CI	1941	84	6	374.14	6	CI	1941	1	73
4211	74004	00:00.0	2018	7597	CI	1941	84	6	374.14	6	CI	1941	1	77
4305	74005	00:00.0	2017	7600	CI	1941	84	6	43.87	6	CI	1941	1	76
4628	74032	00:00.0	2012	7641	CI	1968	57	6	493.89	6	CI	1968	1	44
4836	74038	00:00.0	2006	7650	CI	1959	66	6	589.59	6	CI	1959	1	47
3984	74046	00:00.0	2015	7661	CI	1958	67	6	581.11	6	DI	1958	1	57
5135	74046	00:00.0	2007	7661	CI	1958	67	6	581.11	6	DI	1958	1	49
4432	74049	00:00.0	2021	7665	CI	1961	64	6	476.29	6	CI	1961	1	60
4892	74049	00:00.0	2005	7665	CI	1961	64	6	476.29	6	CI	1961	1	44
4854	74058	00:00.0	2005	7704	CI	1959	66	6	419.51	6	CI	1959	1	46
4416	74058	00:00.0	2021	7704	CI	1959	66	6	419.51	6	CI	1959	1	62
4286	74058	00:00.0	2016	7704	CI	1959	66	6	419.51	6	CI	1959	1	57
3996	74058	00:00.0	2014	7704	CI	1959	66	6	419.51	6	CI	1959	1	55
4147	74059	00:00.0	2017	7706	CI	1959	66	6	122.44	6	CI	1959	1	58
4087	74060	00:00.0	2014	7709	CI	1959	66	6	318.02	6	CI	1959	1	55
3972	74060	00:00.0	2015	7709	CI	1959	66	6	318.02	6	CI	1959	1	56
4390	74062	00:00.0	2020	7711	CI	1959	66	6	444.18	6	CI	1959	1	61
5003	74075	00:00.0	2013	7731	CI	1953	72	6	569.19	6	CI	1953	1	60
5000	74075	00:00.0	2013	7731	CI	1953	72	6	569.19	6	CI	1953	1	60
4389	74080	00:00.0	2020	7736	CI	1955	70	6	383.55	6	CI	1955	1	65
4218	74080	00:00.0	2019	7736	CI	1955	70	6	383.55	6	CI	1955	1	64
4240	74081	00:00.0	2019	7737	CI	1955	70	6	381.36	6	DI	1955	1	64
4517	74081	00:00.0	2022	7737	CI	1955	70	6	381.36	6	DI	1955	1	67
5116	74081	00:00.0	2007	7737	CI	1955	70	6	381.36	6	DI	1955	1	52
4697	74084	00:00.0	2011	7740	CI	1955	70	6	378.36	6	DI	1955	1	56
4350	74084	00:00.0	2019	7740	CI	1955	70	6	378.36	6	DI	1955	1	64
4410	74084	00:00.0	2021	7740	CI	1955	70	6	378.36	6	DI	1955	1	66
4255	74086	00:00.0	2019	7742	CI	1955	70	6	384.47	6	CI	1955	1	64
4500	74086	00:00.0	2022	7742	CI	1955	70	6	384.47	6	CI	1955	1	67
4604	74086	00:00.0	2012	7742	CI	1955	70	6	384.47	6	CI	1955	1	57
4898	74086	00:00.0	2005	7742	CI	1955	70	6	384.47	6	CI	1955	1	50
5023	74087	00:00.0	2013	7743	CI	1950	75	6	452.03	6	DI	1950	1	63
4300	74087	00:00.0	2016	7743	CI	1950	75	6	452.03	6	DI	1950	1	66
5009	74088	00:00.0	2013	7746	CI	1958	67	6	579.49	6	CI	1958	1	55
4787	74088	00:00.0	2009	7746	CI	1958	67	6	579.49	6	CI	1958	1	51
4863	74099	00:00.0	2005	7762	CI	1952	73	6	241.01	6	DI	1952	1	53
4716	74100	00:00.0	2010	7763	CI	1952	73	6	42.07	6	DI	1952	1	58
4238	74104	00:00.0	2019	7770	CI	1952	73	6	654.37	6	DI	1952	1	67
4793	74110	00:00.0	2009	7782	CI	1951	74	6	484.64	6	CI	1951	1	58
4808	74110	00:00.0	2009	7782	CI	1951	74	6	484.64	6	CI	1951	1	58
5035	74115	00:00.0	2013	7787	CI	1955	70	6	296.09	6	CI	1955	1	58
4859	74121	00:00.0	2005	7793	CI	1955	70	6	268.4	6	CI	1955	1	50
4794	74126	00:00.0	2009	7799	CI	1953	72	6	681.97	6	DI	1953	1	56
4755	74126	00:00.0	2010	7799	CI	1953	72	6	681.97	6	DI	1953	1	57
5094	74126	00:00.0	2008	7799	CI	1953	72	6	681.97	6	DI	1953	1	55
4784	74127	00:00.0	2009	7800	CI	1953	72	6	300.16	6	CI	1953	1	56
4234	74127	00:00.0	2019	7800	CI	1953	72	6	300.16	6	CI	1953	1	66
4857	74130	00:00.0	2005	7806	CI	1953	72	6	241.37	6	CI	1953	1	52
4789	74131	00:00.0	2009	7807	CI	1953	72	6	180.37	6	CI	1953	1	56
4866	74132	00:00.0	2005	7808	CI	1953	72	6	31.33	6	CI	1953	1	52
4691	74135	00:00.0	2011	7815	CI	1953	72	6	616.1	6	CI	1953	1	58
4121	74135	00:00.0	2016	7815	CI	1953	72	6	616.1	6	CI	1953	1	63
4690	74139	00:00.0	2011	7819	CI	1957	68	6	283.97	6	CI	1957	1	54
4718	74140	00:00.0	2010	7820	CI	1957	68	6	300.06	6	CI	1957	1	53
4666	74142	00:00.0	2011	7822	CI	1953	72	6	503.36	6	CI	1953	1	58
4485	74142	00:00.0	2021	7822	CI	1953	72	6	503.36	6	CI	1953	1	68
4856	74142	00:00.0	2005	7822	CI	1953	72	6	503.36	6	CI	1953	1	52
4762	74142	00:00.0	2010	7822	CI	1953	72	6	503.36	6	CI	1953	1	57
4139	74142	00:00.0	2017	7822	CI	1953	72	6	503.36	6	CI	1953	1	64
4356	74142	00:00.0	2020	7822	CI	1953	72	6	503.36	6	CI	1953	1	67
4438	74143	00:00.0	2021	7825	CI	1952	73	6	131.94	6	DI	1952	1	69
4120	74146	00:00.0	2016	7828	CI	1953	72	6	157.62	6	CI	1953	1	63
4088	74147	00:00.0	2014	7829	CI	1953	72	4	643.13	4	CI	1953	1	61
4089	74147	00:00.0	2014	7829	CI	1953	72	4	643.13	4	CI	1953	1	61
4090	74147	00:00.0	2014	7829	CI	1953	72	4	643.13	4	CI	1953	1	61
4508	74147	00:00.0	2022	7829	CI	1953	72	4	643.13	4	CI	1953	1	69
4912	74149	00:00.0	2005	7833	CI	1953	72	6	317.25	6	CI	1953	1	52
4142	74149	00:00.0	2017	7833	CI	1953	72	6	317.25	6	CI	1953	1	64
3979	74160	00:00.0	2015	7907	CI	1940	85	10	396.94	10	DI	1940	1	75
4162	74161	00:00.0	2018	7909	CI	1942	83	6	367.41	6	CI	1942	1	76
4758	74162	00:00.0	2010	7913	CI	1950	75	6	255.34	6	CI	1950	1	60
4996	74167	00:00.0	2013	8775	CI	1961	64	12	445.93	12	CI	1961	1	52
4702	74177	00:00.0	2011	8786	CI	1952	73	6	343.27	6	CI	1952	1	59
5059	74178	00:00.0	2008	8788	CI	1952	73	6	319.38	6	CI	1952	1	56
4698	74179	00:00.0	2011	8789	CI	1951	74	6	218.16	6	CI	1951	1	60
4422	74183	00:00.0	2021	8794	CI	1952	73	6	317.4	6	CI	1952	1	69
4426	74187	00:00.0	2021	8800	CI	1952	73	10	288.05	10	CI	1952	1	69
4156	74193	00:00.0	2018	8808	CI	1952	73	6	293.64	6	CI	1952	1	66
5132	74193	00:00.0	2007	8808	CI	1952	73	6	293.64	6	CI	1952	1	55
4264	74212	00:00.0	2015	8838	CI	1950	75	16	1812.89	16	CI	1950	1	65
4744	74225	00:00.0	2010	8854	CI	1950	75	6	579.08	6	CI	1950	1	60
4404	74231	00:00.0	2021	8863	CI	1950	75	6	469.82	6	CI	1950	1	71
4155	74231	00:00.0	2018	8863	CI	1950	75	6	469.82	6	CI	1950	1	68
4599	74232	00:00.0	2012	8864	CI	1950	75	6	243.6	6	CI	1950	1	62
5124	74232	00:00.0	2007	8864	CI	1950	75	6	243.6	6	CI	1950	1	57
4146	74242	00:00.0	2017	8878	CI	1933	92	6	520.75	6	CI	1933	1	84
4035	74242	00:00.0	2016	8878	CI	1933	92	6	520.75	6	CI	1933	1	83
4797	74249	00:00.0	2009	8892	CI	1930	95	6	554.9	6	CI	1930	1	79
4396	74261	00:00.0	2020	8913	CI	1950	75	6	326.94	6	CI	1950	1	70
4303	74267	00:00.0	2017	8930	CI	1952	73	6	59.44	6	CI	1952	1	65
4243	74269	00:00.0	2019	8934	CI	1951	74	6	501.45	6	CI	1951	1	68
4903	74269	00:00.0	2005	8934	CI	1951	74	6	501.45	6	CI	1951	1	54
4868	74270	00:00.0	2005	8935	CI	1951	74	6	507.33	6	CI	1951	1	54
4560	74270	00:00.0	2022	8935	CI	1951	74	6	507.33	6	CI	1951	1	71
4701	74270	00:00.0	2011	8935	CI	1951	74	6	507.33	6	CI	1951	1	60
5052	74273	00:00.0	2008	8938	CI	1951	74	6	614.84	6	CI	1951	1	57
5118	74428	00:00.0	2007	1017680	CI	1928	97	6	507.91	6	CI	1928	1	79
4600	74462	00:00.0	2012	1017715	CI	1962	63	8	147.4	8	DI	1962	0	50
5174	74547	00:00.0	2007	1023955	CI	1959	66	6	169.36	6	DI	1959	1	48
4308	74549	00:00.0	2017	1017827	CI	1957	68	6	287.62	6	DI	1957	0	60
4024	74853	00:00.0	2014	1018167	DI	2012	13	6	36.7	6	DI	2012	1	2
4883	74979	00:00.0	2005	1018309	CI	1952	73	4	268.55	4	CI	1952	1	53
4041	75076	00:00.0	2014	1018424	CI	1896	129	6	473.58	6	CI	1896	1	118
4257	75140	00:00.0	2019	1018507	CI	1949	76	8	390.07	8	CI	1949	1	70
5107	75140	00:00.0	2008	1018507	CI	1949	76	8	390.07	8	CI	1949	1	59
4812	75142	00:00.0	2009	1018500	CI	1928	97	6	164.55	6	CI	1928	1	81
4357	75144	00:00.0	2020	1018502	CI	1949	76	6	282.44	6	CI	1949	1	71
5079	75184	00:00.0	2008	1018554	CI	1933	92	8	32.72	8	CI	1933	1	75
5173	75194	00:00.0	2007	1018559	DI	1983	42	8	642.39	8	DI	1983	1	24
4194	75195	00:00.0	2018	1018560	DI	1983	42	8	271.63	8	DI	1983	1	35
4205	75279	00:00.0	2018	1021733	CI	1929	96	8	59.38	8	CI	1929	1	89
4862	75282	00:00.0	2005	1020935	CI	1889	136	6	242.76	6	CI	1889	1	116
5192	75282	00:00.0	2007	1020935	CI	1889	136	6	242.76	6	CI	1889	1	118
4652	75326	00:00.0	2011	1018712	DI	2005	20	8	176.88	8	DI	2005	1	6
4080	75369	00:00.0	2014	1018763	CI	1921	104	6	6.13	6	CI	1921	1	93
4361	75495	00:00.0	2020	1019166	CI	1922	103	6	99.46	6	CI	1922	1	98
4283	75508	00:00.0	2016	1019188	CI	1952	73	6	193.4	6	CI	1952	1	64
4773	75508	00:00.0	2009	1019188	CI	1952	73	6	193.4	6	CI	1952	1	57
3952	75541	00:00.0	2015	1019226	CI	1925	100	6	71.33	6	CI	1925	1	90
4627	75628	00:00.0	2012	1019324	CI	1949	76	6	17.31	6	DI	1949	0	63
4989	75642	00:00.0	2013	1019337	DI	1981	44	6	530.79	6	DI	1981	1	32
4552	75685	00:00.0	2022	8945	CI	1951	74	6	30.3	6	CI	1951	1	71
5165	75688	00:00.0	2007	8949	CI	1952	73	6	35.24	6	CI	1952	1	55
4852	75690	00:00.0	2005	8951	CI	1952	73	6	271.81	6	CI	1952	1	53
4204	75690	00:00.0	2018	8951	CI	1952	73	6	271.81	6	CI	1952	1	66
4237	75692	00:00.0	2019	8955	CI	1952	73	6	390.03	6	CI	1952	1	67
4802	75695	00:00.0	2009	8960	CI	1950	75	6	515.08	6	CI	1950	1	59
4714	75695	00:00.0	2010	8960	CI	1950	75	6	515.08	6	CI	1950	1	60
4501	75701	00:00.0	2022	8967	CI	1952	73	6	301.58	6	CI	1952	1	70
4978	75701	00:00.0	2013	8967	CI	1952	73	6	301.58	6	CI	1952	1	61
5011	75705	00:00.0	2013	8972	CI	1952	73	6	278.89	6	CI	1952	1	61
3971	75705	00:00.0	2015	8972	CI	1952	73	6	278.89	6	CI	1952	1	63
5166	75705	00:00.0	2007	8972	CI	1952	73	6	278.89	6	CI	1952	1	55
4123	75712	00:00.0	2016	8980	CI	1952	73	6	25.03	6	CI	1952	1	64
4401	75713	00:00.0	2021	8982	CI	1952	73	6	473.84	6	CI	1952	1	69
4949	75713	00:00.0	2009	8982	CI	1952	73	6	473.84	6	CI	1952	1	57
5149	75713	00:00.0	2007	8982	CI	1952	73	6	473.84	6	CI	1952	1	55
5155	75713	00:00.0	2007	8982	CI	1952	73	6	473.84	6	CI	1952	1	55
5025	75719	00:00.0	2013	8991	CI	1952	73	6	355.55	6	CI	1952	1	61
4574	75719	00:00.0	2023	8991	CI	1952	73	6	355.55	6	CI	1952	1	71
4213	75720	00:00.0	2019	8992	CI	1952	73	6	410.16	6	CI	1952	1	67
4096	75723	00:00.0	2014	8996	CI	1951	74	6	348.1	6	CI	1951	1	63
4216	75725	00:00.0	2019	8999	CI	1952	73	6	385.68	6	CI	1952	1	67
4530	75725	00:00.0	2022	8999	CI	1952	73	6	385.68	6	CI	1952	1	70
4947	75725	00:00.0	2009	8999	CI	1952	73	6	385.68	6	CI	1952	1	57
4696	75727	00:00.0	2011	9002	CI	1952	73	8	32.9	8	CI	1952	1	59
4900	75728	00:00.0	2005	9003	CI	1952	73	6	31.25	6	CI	1952	1	53
4828	75729	00:00.0	2006	9004	CI	1952	73	6	38.37	6	DI	1952	1	54
3992	75730	00:00.0	2014	9005	CI	1950	75	8	302.11	8	CI	1950	1	64
5055	75730	00:00.0	2008	9005	CI	1950	75	8	302.11	8	CI	1950	1	58
4336	75732	00:00.0	2019	9008	CI	1952	73	6	36.76	6	CI	1952	1	67
4420	75735	00:00.0	2021	9011	CI	1952	73	6	435.55	6	CI	1952	1	69
3993	75735	00:00.0	2014	9011	CI	1952	73	6	435.55	6	CI	1952	1	62
4710	75736	00:00.0	2010	9013	CI	1952	73	6	199.98	6	CI	1952	1	58
4908	75737	00:00.0	2005	9014	CI	1951	74	6	433.59	6	CI	1951	1	54
5067	75746	00:00.0	2008	9030	CI	1967	58	6	19.17	6	CI	1967	1	41
4694	75750	00:00.0	2011	9036	CI	1967	58	10	349.27	10	CI	1967	1	44
5099	75761	00:00.0	2008	9053	CI	1952	73	6	34.14	6	CI	1952	1	56
4000	75765	00:00.0	2014	9058	CI	1952	73	6	233.83	6	CI	1952	1	62
4272	75765	00:00.0	2016	9058	CI	1952	73	6	233.83	6	CI	1952	1	64
4920	75772	00:00.0	2006	9071	CI	1926	99	6	76.96	6	CI	1926	1	80
5078	75772	00:00.0	2008	9071	CI	1926	99	6	76.96	6	CI	1926	1	82
5001	75773	00:00.0	2013	9073	CI	1926	99	6	308.25	6	CI	1926	1	87
5054	75789	00:00.0	2008	9094	CI	1950	75	6	698.02	6	CI	1950	1	58
4753	75794	00:00.0	2010	9100	CI	1949	76	6	697.69	6	CI	1949	1	61
4400	75794	00:00.0	2021	9100	CI	1949	76	6	697.69	6	CI	1949	1	72
4919	75798	NULL	NULL	9109	DI	2019	6	12	328.24	12	DI	2019	1	NULL
4587	75806	00:00.0	2023	9136	CI	1936	89	6	290.76	6	CI	1936	1	87
4220	75808	00:00.0	2019	9140	CI	1949	76	6	298.21	6	CI	1949	1	70
4102	75809	00:00.0	2014	9142	CI	1950	75	6	589.86	6	CI	1950	1	64
4249	75811	00:00.0	2019	9145	CI	1949	76	6	585.45	6	CI	1949	1	70
5047	75813	00:00.0	2013	9147	CI	1949	76	6	305.87	6	DI	1949	1	64
4166	75815	00:00.0	2018	9150	CI	1928	97	6	595.52	6	CI	1928	1	90
4479	75816	00:00.0	2021	9151	CI	1928	97	6	307.78	6	DI	1928	1	93
4985	75816	00:00.0	2013	9151	CI	1928	97	6	307.78	6	DI	1928	1	85
4827	75816	00:00.0	2006	9151	CI	1928	97	6	307.78	6	DI	1928	1	78
4154	75818	00:00.0	2018	9154	CI	1926	99	6	570.51	6	CI	1926	1	92
4227	75819	00:00.0	2019	9156	CI	1926	99	6	563.41	6	CI	1926	1	93
4298	75827	00:00.0	2017	9167	CI	1926	99	6	288.88	6	DI	1926	1	91
4230	75829	00:00.0	2019	9170	CI	1953	72	4	346.21	4	CI	1953	1	66
4100	75829	00:00.0	2014	9170	CI	1953	72	4	346.21	4	CI	1953	1	61
4809	75830	00:00.0	2009	9171	CI	1953	72	4	442.17	4	CI	1953	1	56
4577	75830	00:00.0	2023	9171	CI	1953	72	4	442.17	4	CI	1953	1	70
5066	75830	00:00.0	2008	9171	CI	1953	72	4	442.17	4	CI	1953	1	55
4369	75832	00:00.0	2020	9176	CI	1967	58	6	311.34	6	DI	1967	1	53
4509	75833	00:00.0	2022	9177	CI	1953	72	6	48.14	6	CI	1953	1	69
4374	75836	00:00.0	2020	9181	CI	1953	72	6	245.52	6	CI	1953	1	67
4179	75837	00:00.0	2018	9182	CI	1950	75	6	341.32	6	DI	1950	1	68
5019	75839	00:00.0	2013	9184	CI	1950	75	8	39.06	8	DI	1950	1	63
4098	75843	00:00.0	2014	9190	CI	1949	76	8	313.04	8	DI	1949	1	65
4097	75844	00:00.0	2014	9191	CI	1950	75	6	334.62	6	DI	1950	1	64
4099	75856	00:00.0	2014	9209	CI	1949	76	6	201.27	6	CI	1949	1	65
5098	75857	00:00.0	2008	9211	CI	1951	74	6	278.59	6	CI	1951	1	57
3977	75863	00:00.0	2015	9219	CI	1949	76	8	306.72	8	CI	1949	1	66
4302	75863	00:00.0	2017	9219	CI	1949	76	8	306.72	8	CI	1949	1	68
4801	75863	00:00.0	2009	9219	CI	1949	76	8	306.72	8	CI	1949	1	60
4850	75872	00:00.0	2005	9236	CI	1946	79	6	592.13	6	CI	1946	1	59
4871	75872	00:00.0	2005	9236	CI	1946	79	6	592.13	6	CI	1946	1	59
4301	75875	00:00.0	2017	9241	CI	1946	79	4	625.11	4	CI	1946	1	71
4423	75875	00:00.0	2021	9241	CI	1946	79	4	625.11	4	CI	1946	1	75
4113	75875	00:00.0	2014	9241	CI	1946	79	4	625.11	4	CI	1946	1	68
4734	75882	00:00.0	2010	9252	CI	1949	76	6	173.53	6	CI	1949	1	61
4791	75889	00:00.0	2009	9266	CI	1928	97	8	336.66	8	DI	1928	1	81
4743	75891	00:00.0	2010	9271	CI	1926	99	8	317.24	8	DI	1926	1	84
5064	75895	00:00.0	2008	9275	CI	1928	97	6	620.84	6	CI	1928	1	80
4875	75901	00:00.0	2005	9285	CI	1946	79	6	343.89	6	DI	1946	1	59
4870	75902	00:00.0	2005	9286	CI	1947	78	6	361.53	6	CI	1947	1	58
4826	75902	00:00.0	2006	9286	CI	1947	78	6	361.53	6	CI	1947	1	59
4569	75902	00:00.0	2022	9286	CI	1947	78	6	361.53	6	CI	1947	1	75
4246	75902	00:00.0	2019	9286	CI	1947	78	6	361.53	6	CI	1947	1	72
4206	75902	00:00.0	2018	9286	CI	1947	78	6	361.53	6	CI	1947	1	71
5097	75902	00:00.0	2008	9286	CI	1947	78	6	361.53	6	CI	1947	1	61
4247	75912	00:00.0	2019	9301	CI	1948	77	6	501.79	6	CI	1948	1	71
4730	75913	00:00.0	2010	9302	CI	1950	75	8	308.04	8	DI	1950	1	60
4603	75918	00:00.0	2012	9309	CI	1949	76	6	343.11	6	CI	1949	1	63
4402	75920	00:00.0	2021	9314	CI	1948	77	6	597.72	6	DI	1948	1	73
4733	75923	00:00.0	2010	9320	CI	1948	77	4	397.85	4	CI	1948	1	62
4726	75923	00:00.0	2010	9320	CI	1948	77	4	397.85	4	CI	1948	1	62
4695	75923	00:00.0	2011	9320	CI	1948	77	4	397.85	4	CI	1948	1	63
4880	75923	00:00.0	2005	9320	CI	1948	77	4	397.85	4	CI	1948	1	57
4922	75923	00:00.0	2006	9320	CI	1948	77	4	397.85	4	CI	1948	1	58
5157	75923	00:00.0	2007	9320	CI	1948	77	4	397.85	4	CI	1948	1	59
4803	75926	00:00.0	2009	9324	CI	1950	75	6	505.81	6	DI	1950	1	59
4448	75931	00:00.0	2021	9329	CI	1947	78	4	359.2	4	CI	1947	1	74
4115	75932	00:00.0	2014	9330	CI	1927	98	6	613.13	6	DI	1927	1	87
4669	75939	00:00.0	2011	9341	CI	1928	97	6	399.3	6	CI	1928	1	83
4589	75955	00:00.0	2023	9362	CI	1948	77	4	340.9	4	CI	1948	1	75
4648	75962	00:00.0	2012	9374	CI	1948	77	4	349.61	4	CI	1948	1	64
4646	75963	00:00.0	2012	9375	CI	1948	77	6	42.24	6	CI	1948	1	64
4540	75965	00:00.0	2022	9380	CI	1948	77	6	49.95	6	CI	1948	1	74
4539	75967	00:00.0	2022	9382	CI	1928	97	6	42.23	6	CI	1928	1	94
4956	75967	00:00.0	2013	9382	CI	1928	97	6	42.23	6	CI	1928	1	85
4299	75978	00:00.0	2017	9396	CI	1928	97	16	34.37	16	CI	1928	1	89
4271	75983	00:00.0	2016	9403	CI	1947	78	6	555.45	6	CI	1947	1	69
4547	75987	00:00.0	2022	9409	CI	1928	97	6	134.18	6	CI	1928	1	94
5043	75988	00:00.0	2013	9410	CI	1948	77	6	167.63	6	CI	1948	1	65
4198	75988	00:00.0	2018	9410	CI	1948	77	6	167.63	6	CI	1948	1	70
4215	75990	00:00.0	2019	9412	CI	1948	77	6	337.22	6	CI	1948	1	71
4212	75990	00:00.0	2019	9412	CI	1948	77	6	337.22	6	CI	1948	1	71
4999	75990	00:00.0	2013	9412	CI	1948	77	6	337.22	6	CI	1948	1	65
4526	75990	00:00.0	2022	9412	CI	1948	77	6	337.22	6	CI	1948	1	74
4610	75993	00:00.0	2012	9416	CI	1926	99	6	544.73	6	CI	1926	1	86
4654	76001	00:00.0	2011	9427	CI	1946	79	4	650.7	4	CI	1946	1	65
4952	76001	00:00.0	2009	9427	CI	1946	79	4	650.7	4	CI	1946	1	63
4785	76001	00:00.0	2009	9427	CI	1946	79	4	650.7	4	CI	1946	1	63
4250	76001	00:00.0	2019	9427	CI	1946	79	4	650.7	4	CI	1946	1	73
4122	76001	00:00.0	2016	9427	CI	1946	79	4	650.7	4	CI	1946	1	70
5024	76002	00:00.0	2013	9428	CI	1940	85	16	36.02	16	DI	1940	1	73
4114	76010	00:00.0	2014	9440	CI	1946	79	6	593.03	6	CI	1946	1	68
3975	76010	00:00.0	2015	9440	CI	1946	79	6	593.03	6	CI	1946	1	69
4413	76013	00:00.0	2021	9443	CI	1952	73	6	298.24	6	DI	1952	1	69
5129	76013	00:00.0	2007	9443	CI	1952	73	6	298.24	6	DI	1952	1	55
4601	76039	00:00.0	2012	9491	CI	1951	74	6	388.21	6	CI	1951	1	61
4394	76040	00:00.0	2020	9493	CI	1951	74	6	295.95	6	CI	1951	1	69
4351	76050	00:00.0	2020	9686	CI	1956	69	6	303.9	6	CI	1956	1	64
4680	76050	00:00.0	2011	9686	CI	1956	69	6	303.9	6	CI	1956	1	55
4296	76054	00:00.0	2017	9691	CI	1956	69	6	319.12	6	CI	1956	1	61
3933	76058	00:00.0	2015	9696	CI	1959	66	6	446.63	6	CI	1959	1	56
4176	76058	00:00.0	2018	9696	CI	1959	66	6	446.63	6	CI	1959	1	59
4636	76058	00:00.0	2012	9696	CI	1959	66	6	446.63	6	CI	1959	1	53
4345	76061	00:00.0	2019	9700	CI	1950	75	6	175.31	6	CI	1950	1	69
4548	76064	00:00.0	2022	9704	CI	1958	67	6	226.51	6	CI	1958	1	64
4134	76073	00:00.0	2017	9725	CI	1950	75	6	377.44	6	CI	1950	1	67
5144	76073	00:00.0	2007	9725	CI	1950	75	6	377.44	6	CI	1950	1	57
4288	76081	00:00.0	2016	9917	Wo	1888	137	8	159.28	8	Wo	1888	1	128
4214	76105	00:00.0	2019	9952	CI	1901	124	6	62.36	6	CI	1901	1	118
5068	76112	00:00.0	2008	10461	CI	1915	110	6	27.55	6	DI	1915	1	93
4190	76116	00:00.0	2018	10472	CI	1913	112	12	292.61	12	CI	1913	1	105
4458	76210	00:00.0	2021	12761	CI	1926	99	4	273.08	4	CI	1926	1	95
4297	76222	00:00.0	2017	12775	CI	1902	123	12	815.19	12	CI	1902	1	115
4538	76233	00:00.0	2022	9509	CI	1953	72	4	741.06	4	CI	1953	1	69
4664	76233	00:00.0	2011	9509	CI	1953	72	4	741.06	4	CI	1953	1	58
4684	76233	00:00.0	2011	9509	CI	1953	72	4	741.06	4	CI	1953	1	58
4982	76233	00:00.0	2013	9509	CI	1953	72	4	741.06	4	CI	1953	1	60
3926	76238	00:00.0	2015	9519	CI	1948	77	6	406.96	6	CI	1948	1	67
4034	76238	00:00.0	2014	9519	CI	1948	77	6	406.96	6	CI	1948	1	66
4033	76239	00:00.0	2014	9520	CI	1952	73	6	345.49	6	CI	1952	1	62
4681	76239	00:00.0	2011	9520	CI	1952	73	6	345.49	6	CI	1952	1	59
4546	76243	00:00.0	2022	9524	CI	1951	74	6	364.42	6	CI	1951	1	71
4973	76243	00:00.0	2006	9524	CI	1951	74	6	364.42	6	CI	1951	1	55
4545	76246	00:00.0	2022	9528	CI	1950	75	6	36.19	6	CI	1950	1	72
4032	76247	00:00.0	2014	9530	CI	1950	75	6	456.96	6	CI	1950	1	64
4977	76248	00:00.0	2006	9531	CI	1950	75	6	391.27	6	CI	1950	1	56
4161	76249	00:00.0	2018	9532	CI	1950	75	6	324.3	6	CI	1950	1	68
4290	76258	00:00.0	2016	9542	CI	1950	75	6	54.41	6	CI	1950	1	66
4277	76260	00:00.0	2016	9545	CI	1956	69	6	423.83	6	CI	1956	1	60
4187	76260	00:00.0	2018	9545	CI	1956	69	6	423.83	6	CI	1956	1	62
4839	76260	00:00.0	2006	9545	CI	1956	69	6	423.83	6	CI	1956	1	50
4979	76277	00:00.0	2013	9569	CI	1942	83	6	616.97	6	CI	1942	1	71
4814	76298	00:00.0	2009	9621	CI	1949	76	6	279.87	6	CI	1949	1	60
5087	76304	00:00.0	2008	9628	CI	1950	75	6	60.82	6	CI	1950	1	58
5033	76307	00:00.0	2013	9631	CI	1949	76	6	324.1	6	CI	1949	1	64
4707	76307	00:00.0	2010	9631	CI	1949	76	6	324.1	6	CI	1949	1	61
4141	76312	00:00.0	2017	9638	CI	1957	68	6	225.52	6	CI	1957	1	60
4020	76320	00:00.0	2014	9653	CI	1950	75	6	794.62	6	CI	1950	1	64
4612	76320	00:00.0	2012	9653	CI	1950	75	6	794.62	6	CI	1950	1	62
5134	76320	00:00.0	2007	9653	CI	1950	75	6	794.62	6	CI	1950	1	57
4820	76324	00:00.0	2009	9658	CI	1950	75	4	728.73	4	CI	1950	1	59
4378	76327	00:00.0	2020	9662	CI	1950	75	6	23.71	6	CI	1950	1	70
4742	76331	00:00.0	2010	9670	CI	1956	69	6	264.41	6	CI	1956	1	54
4012	76338	00:00.0	2014	9678	CI	1959	66	6	438.68	6	CI	1959	1	55
4013	76338	00:00.0	2014	9678	CI	1959	66	6	438.68	6	CI	1959	1	55
3927	76339	00:00.0	2015	9679	CI	1956	69	6	811.94	6	CI	1956	1	59
4373	76339	00:00.0	2020	9679	CI	1956	69	6	811.94	6	CI	1956	1	64
4332	76347	00:00.0	2019	9736	CI	1949	76	6	428.87	6	CI	1949	1	70
4446	76348	00:00.0	2017	9737	CI	1949	76	6	317.63	6	CI	1949	1	68
4447	76348	00:00.0	2021	9737	CI	1949	76	6	317.63	6	CI	1949	1	72
4833	76369	00:00.0	2006	9773	CI	1951	74	6	299.53	6	CI	1951	1	55
4786	76385	00:00.0	2009	9797	CI	1949	76	6	390.93	6	DI	1949	1	60
4236	76407	00:00.0	2019	9843	CI	1905	120	6	33.35	6	CI	1905	1	114
4532	76434	00:00.0	2022	9879	CI	1900	125	6	34.02	6	CI	1900	1	122
3936	76451	00:00.0	2015	9961	CI	1905	120	6	96.44	6	CI	1905	1	110
3938	76451	00:00.0	2015	9961	CI	1905	120	6	96.44	6	CI	1905	1	110
4767	76455	00:00.0	2012	9980	CI	1892	133	6	80.69	6	CI	1892	1	120
4705	76457	00:00.0	2011	9982	CI	1892	133	6	37.58	6	CI	1892	1	119
4625	76469	00:00.0	2012	10004	CI	1897	128	6	47.86	6	CI	1897	1	115
5136	76491	00:00.0	2006	10129	CI	1920	105	6	393.18	6	DI	1920	1	86
4244	76569	00:00.0	2019	10259	CI	1927	98	6	459.29	6	CI	1927	1	92
4965	76580	00:00.0	2006	10277	CI	1928	97	6	487.68	6	CI	1928	1	78
5148	76724	00:00.0	2007	10566	CI	1920	105	6	287.6	6	CI	1920	1	87
5016	76838	00:00.0	2013	10763	CI	1900	125	6	269.46	6	CI	1900	1	113
4340	77042	00:00.0	2019	11097	CI	1898	127	6	37.34	6	DI	1898	1	121
4752	77045	00:00.0	2010	11102	CI	1890	135	6	26.95	6	CI	1890	0	120
4306	77051	00:00.0	2017	11109	CI	1885	140	6	337.42	6	CI	1885	1	132
4740	77077	00:00.0	2010	11200	CI	1895	130	6	71.98	6	CI	1895	1	115
4524	77078	00:00.0	2022	11201	CI	1897	128	6	303.49	6	CI	1897	1	125
5039	77078	00:00.0	2013	11201	CI	1897	128	6	303.49	6	CI	1897	1	116
5184	77085	00:00.0	2007	11227	CI	1888	137	4	462.87	4	CI	1888	1	119
3989	77094	00:00.0	2015	11265	CI	1899	126	6	343.93	6	CI	1899	1	116
4769	77153	00:00.0	2012	1019467	CI	1928	97	6	21.3	6	DI	1928	1	84
5185	77259	00:00.0	2007	1019585	DI	2007	18	24	128.48	24	DI	2007	1	0
5152	77269	00:00.0	2007	1019604	DI	1979	46	12	679.5	12	DI	1979	1	28
4443	77393	00:00.0	2021	1019738	CI	1910	115	8	397.26	8	CI	1910	1	111
4661	77728	00:00.0	2011	1020234	DI	1993	32	10	445.6	10	DI	1993	1	18
4433	77887	00:00.0	2021	1020417	DI	2012	13	6	296.48	6	DI	2012	1	9
4260	78079	00:00.0	2010	9844	CI	1905	120	6	252.88	6	CI	1905	1	105
4064	78209	00:00.0	2014	1020814	DI	1971	54	8	365.02	8	CI	1971	1	43
5046	78231	00:00.0	2013	1020831	DI	1976	49	8	127.89	8	DI	1976	1	37
4152	78270	00:00.0	2017	1020875	CI	1966	59	8	261.35	8	CI	1966	1	51
4551	78361	00:00.0	2022	1020987	CI	1928	97	6	28.71	6	CI	1928	1	94
4442	78362	00:00.0	2021	1020988	CI	1928	97	6	93.82	6	CI	1928	1	93
4334	78362	00:00.0	2019	1020988	CI	1928	97	6	93.82	6	CI	1928	1	91
4487	78381	00:00.0	2021	1021021	CI	1969	56	6	802.3	6	DI	1969	1	52
4728	78433	00:00.0	2010	1021075	CI	1942	83	6	29.65	6	CI	1942	1	68
4685	78433	00:00.0	2011	1021075	CI	1942	83	6	29.65	6	CI	1942	1	69
